-5.0e0 -5.0e0 1.41421326e1 1.41421326e1
-4.58334e0 -5.0e0 1.38569092e1 1.38569092e1
-4.16668e0 -5.0e0 1.35912628e1 1.35912628e1
-3.75002e0 -5.0e0 1.33463593e1 1.33463593e1
-3.33336e0 -5.0e0 1.31233612e1 1.31233612e1
-2.9167e0 -5.0e0 1.29234009e1 1.29234009e1
-2.50004e0 -5.0e0 1.27475647e1 1.27475647e1
-2.08338e0 -5.0e0 1.25968628e1 1.25968628e1
-1.66672e0 -5.0e0 1.24722046e1 1.24722046e1
-1.25006e0 -5.0e0 1.23743805e1 1.23743805e1
-8.334e-1 -5.0e0 1.23040283e1 1.23040283e1
-4.1674e-1 -5.0e0 1.22616211e1 1.22616211e1
-8.0e-5 -5.0e0 1.22474487e1 1.22474487e1
4.1658e-1 -5.0e0 1.22616089e1 1.22616089e1
8.3324e-1 -5.0e0 1.2304007e1 1.2304007e1
1.2499e0 -5.0e0 1.2374347e1 1.2374347e1
1.66656e0 -5.0e0 1.24721619e1 1.24721619e1
2.08322e0 -5.0e0 1.25968079e1 1.25968079e1
2.49988e0 -5.0e0 1.27475006e1 1.27475006e1
2.91654e0 -5.0e0 1.29233276e1 1.29233276e1
3.3332e0 -5.0e0 1.31232788e1 1.31232788e1
3.7498601e0 -5.0e0 1.33462677e1 1.33462677e1
4.1665201e0 -5.0e0 1.35911652e1 1.35911652e1
4.5831801e0 -5.0e0 1.38568054e1 1.38568054e1
4.9998401e0 -5.0e0 1.41420227e1 1.41420227e1

-5.0e0 -4.58334e0 1.32680817e1 1.32680817e1
-4.58334e0 -4.58334e0 1.29636414e1 1.29636414e1
-4.16668e0 -4.58334e0 1.26792908e1 1.26792908e1
-3.75002e0 -4.58334e0 1.24164124e1 1.24164124e1
-3.33336e0 -4.58334e0 1.21763947e1 1.21763947e1
-2.9167e0 -4.58334e0 1.1960614e1 1.1960614e1
-2.50004e0 -4.58334e0 1.1770404e1 1.1770404e1
-2.08338e0 -4.58334e0 1.16070221e1 1.16070221e1
-1.66672e0 -4.58334e0 1.14716125e1 1.14716125e1
-1.25006e0 -4.58334e0 1.13651794e1 1.13651794e1
-8.334e-1 -4.58334e0 1.12885406e1 1.12885406e1
-4.1674e-1 -4.58334e0 1.12423035e1 1.12423035e1
-8.0e-5 -4.58334e0 1.12268433e1 1.12268433e1
4.1658e-1 -4.58334e0 1.12422913e1 1.12422913e1
8.3324e-1 -4.58334e0 1.12885162e1 1.12885162e1
1.2499e0 -4.58334e0 1.13651428e1 1.13651428e1
1.66656e0 -4.58334e0 1.14715668e1 1.14715668e1
2.08322e0 -4.58334e0 1.16069641e1 1.16069641e1
2.49988e0 -4.58334e0 1.17703369e1 1.17703369e1
2.91654e0 -4.58334e0 1.19605347e1 1.19605347e1
3.3332e0 -4.58334e0 1.21763092e1 1.21763092e1
3.7498601e0 -4.58334e0 1.24163147e1 1.24163147e1
4.1665201e0 -4.58334e0 1.2679187e1 1.2679187e1
4.5831801e0 -4.58334e0 1.29635284e1 1.29635284e1
4.9998401e0 -4.58334e0 1.32679626e1 1.32679626e1

-5.0e0 -4.16668e0 1.24164124e1 1.24164124e1
-4.58334e0 -4.16668e0 1.20905457e1 1.20905457e1
-4.16668e0 -4.16668e0 1.17851501e1 1.17851501e1
-3.75002e0 -4.16668e0 1.15018524e1 1.15018524e1
-3.33336e0 -4.16668e0 1.12423248e1 1.12423248e1
-2.9167e0 -4.16668e0 1.10082489e1 1.10082489e1
-2.50004e0 -4.16668e0 1.08012817e1 1.08012817e1
-2.08338e0 -4.16668e0 1.06230072e1 1.06230072e1
-1.66672e0 -4.16668e0 1.04748871e1 1.04748871e1
-1.25006e0 -4.16668e0 1.03582153e1 1.03582153e1
-8.334e-1 -4.16668e0 1.02740662e1 1.02740662e1
-4.1674e-1 -4.16668e0 1.02232391e1 1.02232391e1
-8.0e-5 -4.16668e0 1.02062378e1 1.02062378e1
4.1658e-1 -4.16668e0 1.0223227e1 1.0223227e1
8.3324e-1 -4.16668e0 1.02740387e1 1.02740387e1
1.2499e0 -4.16668e0 1.03581726e1 1.03581726e1
1.66656e0 -4.16668e0 1.04748352e1 1.04748352e1
2.08322e0 -4.16668e0 1.06229431e1 1.06229431e1
2.49988e0 -4.16668e0 1.08012085e1 1.08012085e1
2.91654e0 -4.16668e0 1.10081665e1 1.10081665e1
3.3332e0 -4.16668e0 1.12422333e1 1.12422333e1
3.7498601e0 -4.16668e0 1.15017487e1 1.15017487e1
4.1665201e0 -4.16668e0 1.17850372e1 1.17850372e1
4.5831801e0 -4.16668e0 1.20904266e1 1.20904266e1
4.9998401e0 -4.16668e0 1.24162842e1 1.24162842e1

-5.0e0 -3.75002e0 1.15920624e1 1.15920624e1
-4.58334e0 -3.75002e0 1.12423248e1 1.12423248e1
-4.16668e0 -3.75002e0 1.09132172e1 1.09132172e1
-3.75002e0 -3.75002e0 1.0606659e1 1.0606659e1
-3.33336e0 -3.75002e0 1.03246552e1 1.03246552e1
-2.9167e0 -3.75002e0 1.00692688e1 1.00692688e1
-2.50004e0 -3.75002e0 9.842575e0 9.842575e0
-2.08338e0 -3.75002e0 9.6465973e0 9.6465973e0
-1.66672e0 -3.75002e0 9.4832367e0 9.4832367e0
-1.25006e0 -3.75002e0 9.3542084e0 9.3542084e0
-8.334e-1 -3.75002e0 9.2609406e0 9.2609406e0
-4.1674e-1 -3.75002e0 9.2045227e0 9.2045227e0
-8.0e-5 -3.75002e0 9.1856354e0 9.1856354e0
4.1658e-1 -3.75002e0 9.2045074e0 9.2045074e0
8.3324e-1 -3.75002e0 9.26091e0 9.26091e0
1.2499e0 -3.75002e0 9.3541626e0 9.3541626e0
1.66656e0 -3.75002e0 9.4831818e0 9.4831818e0
2.08322e0 -3.75002e0 9.6465271e0 9.6465271e0
2.49988e0 -3.75002e0 9.8424927e0 9.8424927e0
2.91654e0 -3.75002e0 1.00691772e1 1.00691772e1
3.3332e0 -3.75002e0 1.03245514e1 1.03245514e1
3.7498601e0 -3.75002e0 1.0606543e1 1.0606543e1
4.1665201e0 -3.75002e0 1.09130951e1 1.09130951e1
4.5831801e0 -3.75002e0 1.12421967e1 1.12421967e1
4.9998401e0 -3.75002e0 1.1591925e1 1.1591925e1

-5.0e0 -3.33336e0 1.08012848e1 1.08012848e1
-4.58334e0 -3.33336e0 1.0425055e1 1.0425055e1
-4.16668e0 -3.33336e0 1.00692688e1 1.00692688e1
-3.75002e0 -3.33336e0 9.7361725e0 9.7361725e0
-3.33336e0 -3.33336e0 9.4281677e0 9.4281677e0
-2.9167e0 -3.33336e0 9.1477905e0 9.1477905e0
-2.50004e0 -3.33336e0 8.8976501e0 8.8976501e0
-2.08338e0 -3.33336e0 8.680365e0 8.680365e0
-1.66672e0 -3.33336e0 8.4984528e0 8.4984528e0
-1.25006e0 -3.33336e0 8.3542236e0 8.3542236e0
-8.334e-1 -3.33336e0 8.2496613e0 8.2496613e0
-4.1674e-1 -3.33336e0 8.1862762e0 8.1862762e0
-8.0e-5 -3.33336e0 8.165033e0 8.165033e0
4.1658e-1 -3.33336e0 8.186261e0 8.186261e0
8.3324e-1 -3.33336e0 8.2496246e0 8.2496246e0
1.2499e0 -3.33336e0 8.3541748e0 8.3541748e0
1.66656e0 -3.33336e0 8.4983887e0 8.4983887e0
2.08322e0 -3.33336e0 8.6802856e0 8.6802856e0
2.49988e0 -3.33336e0 8.8975586e0 8.8975586e0
2.91654e0 -3.33336e0 9.1476868e0 9.1476868e0
3.3332e0 -3.33336e0 9.4280548e0 9.4280548e0
3.7498601e0 -3.33336e0 9.7360504e0 9.7360504e0
4.1665201e0 -3.33336e0 1.00691376e1 1.00691376e1
4.5831801e0 -3.33336e0 1.04249146e1 1.04249146e1
4.9998401e0 -3.33336e0 1.08011353e1 1.08011353e1

-5.0e0 -2.9167e0 1.0052005e1 1.0052005e1
-4.58334e0 -2.9167e0 9.6465973e0 9.6465973e0
-4.16668e0 -2.9167e0 9.2609528e0 9.2609528e0
-3.75002e0 -2.9167e0 8.8976471e0 8.8976471e0
-3.33336e0 -2.9167e0 8.5595245e0 8.5595245e0
-2.9167e0 -2.9167e0 8.2496735e0 8.2496735e0
-2.50004e0 -2.9167e0 7.971399e0 7.971399e0
-2.08338e0 -2.9167e0 7.7281158e0 7.7281158e0
-1.66672e0 -2.9167e0 7.5232147e0 7.5232147e0
-1.25006e0 -2.9167e0 7.3598999e0 7.3598999e0
-8.334e-1 -2.9167e0 7.2409912e0 7.2409912e0
-4.1674e-1 -2.9167e0 7.168695e0 7.168695e0
-8.0e-5 -2.9167e0 7.1444275e0 7.1444275e0
4.1658e-1 -2.9167e0 7.1686768e0 7.1686768e0
8.3324e-1 -2.9167e0 7.2409546e0 7.2409546e0
1.2499e0 -2.9167e0 7.359845e0 7.359845e0
1.66656e0 -2.9167e0 7.5231445e0 7.5231445e0
2.08322e0 -2.9167e0 7.7280304e0 7.7280304e0
2.49988e0 -2.9167e0 7.9713013e0 7.9713013e0
2.91654e0 -2.9167e0 8.2495605e0 8.2495605e0
3.3332e0 -2.9167e0 8.5593994e0 8.5593994e0
3.7498601e0 -2.9167e0 8.8975128e0 8.8975128e0
4.1665201e0 -2.9167e0 9.2608124e0 9.2608124e0
4.5831801e0 -2.9167e0 9.6464447e0 9.6464447e0
4.9998401e0 -2.9167e0 1.00518463e1 1.00518463e1

-5.0e0 -2.50004e0 9.3542053e0 9.3542053e0
-4.58334e0 -2.50004e0 8.9171295e0 8.9171295e0
-4.16668e0 -2.50004e0 8.4984467e0 8.4984467e0
-3.75002e0 -2.50004e0 8.1010193e0 8.1010193e0
-3.33336e0 -2.50004e0 7.7281158e0 7.7281158e0
-2.9167e0 -2.50004e0 7.3834595e0 7.3834595e0
-2.50004e0 -2.50004e0 7.0711792e0 7.0711792e0
-2.08338e0 -2.50004e0 6.7957428e0 6.7957428e0
-1.66672e0 -2.50004e0 6.561789e0 6.561789e0
-1.25006e0 -2.50004e0 6.3738892e0 6.3738892e0
-8.334e-1 -2.50004e0 6.2361145e0 6.2361145e0
-4.1674e-1 -2.50004e0 6.1520233e0 6.1520233e0
-8.0e-5 -2.50004e0 6.1237305e0 6.1237305e0
4.1658e-1 -2.50004e0 6.152002e0 6.152002e0
8.3324e-1 -2.50004e0 6.2360748e0 6.2360748e0
1.2499e0 -2.50004e0 6.3738281e0 6.3738281e0
1.66656e0 -2.50004e0 6.5617065e0 6.5617065e0
2.08322e0 -2.50004e0 6.7956451e0 6.7956451e0
2.49988e0 -2.50004e0 7.0710663e0 7.0710663e0
2.91654e0 -2.50004e0 7.3833313e0 7.3833313e0
3.3332e0 -2.50004e0 7.7279785e0 7.7279785e0
3.7498601e0 -2.50004e0 8.1008667e0 8.1008667e0
4.1665201e0 -2.50004e0 8.498291e0 8.498291e0
4.5831801e0 -2.50004e0 8.9169647e0 8.9169647e0
4.9998401e0 -2.50004e0 9.3540344e0 9.3540344e0

-5.0e0 -2.08338e0 8.7202515e0 8.7202515e0
-4.58334e0 -2.08338e0 8.2496552e0 8.2496552e0
-4.16668e0 -2.08338e0 7.7952087e0 7.7952087e0
-3.75002e0 -2.08338e0 7.3598999e0 7.3598999e0
-3.33336e0 -2.08338e0 6.9473328e0 6.9473328e0
-2.9167e0 -2.08338e0 6.561792e0 6.561792e0
-2.50004e0 -2.08338e0 6.2082275e0 6.2082275e0
-2.08338e0 -2.08338e0 5.8925995e0 5.8925995e0
-1.66672e0 -2.08338e0 5.6211914e0 5.6211914e0
-1.25006e0 -2.08338e0 5.4006714e0 5.4006714e0
-8.334e-1 -2.08338e0 5.2374725e0 5.2374725e0
-4.1674e-1 -2.08338e0 5.1370605e0 5.1370605e0
-8.0e-5 -2.08338e0 5.1031433e0 5.1031433e0
4.1658e-1 -2.08338e0 5.1370331e0 5.1370331e0
8.3324e-1 -2.08338e0 5.2374207e0 5.2374207e0
1.2499e0 -2.08338e0 5.4005981e0 5.4005981e0
1.66656e0 -2.08338e0 5.6210968e0 5.6210968e0
2.08322e0 -2.08338e0 5.8924866e0 5.8924866e0
2.49988e0 -2.08338e0 6.2080994e0 6.2080994e0
2.91654e0 -2.08338e0 6.5616486e0 6.5616486e0
3.3332e0 -2.08338e0 6.9471771e0 6.9471771e0
3.7498601e0 -2.08338e0 7.3597351e0 7.3597351e0
4.1665201e0 -2.08338e0 7.7950348e0 7.7950348e0
4.5831801e0 -2.08338e0 8.2494781e0 8.2494781e0
4.9998401e0 -2.08338e0 8.7200714e0 8.7200714e0

-5.0e0 -1.66672e0 8.1650299e0 8.1650299e0
-4.58334e0 -1.66672e0 7.6604004e0 7.6604004e0
-4.16668e0 -1.66672e0 7.168695e0 7.168695e0
-3.75002e0 -1.66672e0 6.6927612e0 6.6927612e0
-3.33336e0 -1.66672e0 6.2361176e0 6.2361176e0
-2.9167e0 -1.66672e0 5.803537e0 5.803537e0
-2.50004e0 -1.66672e0 5.4006744e0 5.4006744e0
-2.08338e0 -1.66672e0 5.034674e0 5.034674e0
-1.66672e0 -1.66672e0 4.7141266e0 4.7141266e0
-1.25006e0 -1.66672e0 4.4488708e0 4.4488708e0
-8.334e-1 -1.66672e0 4.2492706e0 4.2492706e0
-4.1674e-1 -1.66672e0 4.1248718e0 4.1248718e0
-8.0e-5 -1.66672e0 4.0825531e0 4.0825531e0
4.1658e-1 -1.66672e0 4.1248413e0 4.1248413e0
8.3324e-1 -1.66672e0 4.2492096e0 4.2492096e0
1.2499e0 -1.66672e0 4.4487793e0 4.4487793e0
1.66656e0 -1.66672e0 4.7140137e0 4.7140137e0
2.08322e0 -1.66672e0 5.0345398e0 5.0345398e0
2.49988e0 -1.66672e0 5.4005249e0 5.4005249e0
2.91654e0 -1.66672e0 5.8033752e0 5.8033752e0
3.3332e0 -1.66672e0 6.2359467e0 6.2359467e0
3.7498601e0 -1.66672e0 6.6925812e0 6.6925812e0
4.1665201e0 -1.66672e0 7.1685089e0 7.1685089e0
4.5831801e0 -1.66672e0 7.6602081e0 7.6602081e0
4.9998401e0 -1.66672e0 8.1648346e0 8.1648346e0

-5.0e0 -1.25006e0 7.7055756e0 7.7055756e0
-4.58334e0 -1.25006e0 7.1686737e0 7.1686737e0
-4.16668e0 -1.25006e0 6.6406586e0 6.6406586e0
-3.75002e0 -1.25006e0 6.1237305e0 6.1237305e0
-3.33336e0 -1.25006e0 5.62117e0 5.62117e0
-2.9167e0 -1.25006e0 5.1370605e0 5.1370605e0
-2.50004e0 -1.25006e0 4.6771393e0 4.6771393e0
-2.08338e0 -1.25006e0 4.2492706e0 4.2492706e0
-1.66672e0 -1.25006e0 3.8641113e0 3.8641113e0
-1.25006e0 -1.25006e0 3.5356506e0 3.5356506e0
-8.334e-1 -1.25006e0 3.280957e0 3.280957e0
-4.1674e-1 -1.25006e0 3.118164e0 3.118164e0
-8.0e-5 -1.25006e0 3.0619629e0 3.0619629e0
4.1658e-1 -1.25006e0 3.1181213e0 3.1181213e0
8.3324e-1 -1.25006e0 3.2808777e0 3.2808777e0
1.2499e0 -1.25006e0 3.5355347e0 3.5355347e0
1.66656e0 -1.25006e0 3.863974e0 3.863974e0
2.08322e0 -1.25006e0 4.249115e0 4.249115e0
2.49988e0 -1.25006e0 4.6769684e0 4.6769684e0
2.91654e0 -1.25006e0 5.1368805e0 5.1368805e0
3.3332e0 -1.25006e0 5.6209808e0 5.6209808e0
3.7498601e0 -1.25006e0 6.1235352e0 6.1235352e0
4.1665201e0 -1.25006e0 6.6404572e0 6.6404572e0
4.5831801e0 -1.25006e0 7.1684692e0 7.1684692e0
4.9998401e0 -1.25006e0 7.705368e0 7.705368e0

-5.0e0 -8.334e-1 7.359845e0 7.359845e0
-4.58334e0 -8.334e-1 6.7956848e0 6.7956848e0
-4.16668e0 -8.334e-1 6.2360718e0 6.2360718e0
-3.75002e0 -8.334e-1 5.6825745e0 5.6825745e0
-3.33336e0 -8.334e-1 5.1370331e0 5.1370331e0
-2.9167e0 -8.334e-1 4.6022797e0 4.6022797e0
-2.50004e0 -8.334e-1 4.08255e0 4.08255e0
-2.08338e0 -8.334e-1 3.5843964e0 3.5843964e0
-1.66672e0 -8.334e-1 3.118164e0 3.118164e0
-1.25006e0 -8.334e-1 2.7004456e0 2.7004456e0
-8.334e-1 -8.334e-1 2.3571747e0 2.3571747e0
-4.1674e-1 -8.334e-1 2.1247437e0 2.1247437e0
-8.0e-5 -8.334e-1 2.0413727e0 2.0413727e0
4.1658e-1 -8.334e-1 2.1246826e0 2.1246826e0
8.3324e-1 -8.334e-1 2.3570618e0 2.3570618e0
1.2499e0 -8.334e-1 2.700299e0 2.700299e0
1.66656e0 -8.334e-1 3.1179932e0 3.1179932e0
2.08322e0 -8.334e-1 3.5842102e0 3.5842102e0
2.49988e0 -8.334e-1 4.0823547e0 4.0823547e0
2.91654e0 -8.334e-1 4.6020782e0 4.6020782e0
3.3332e0 -8.334e-1 5.1368256e0 5.1368256e0
3.7498601e0 -8.334e-1 5.6823639e0 5.6823639e0
4.1665201e0 -8.334e-1 6.2358582e0 6.2358582e0
4.5831801e0 -8.334e-1 6.7954681e0 6.7954681e0
4.9998401e0 -8.334e-1 7.3596252e0 7.3596252e0

-5.0e0 -4.1674e-1 7.1443695e0 7.1443695e0
-4.58334e0 -4.1674e-1 6.5617096e0 6.5617096e0
-4.16668e0 -4.1674e-1 5.980252e0 5.980252e0
-3.75002e0 -4.1674e-1 5.4005981e0 5.4005981e0
-3.33336e0 -4.1674e-1 4.8232697e0 4.8232697e0
-2.9167e0 -4.1674e-1 4.2492096e0 4.2492096e0
-2.50004e0 -4.1674e-1 3.67995e0 3.67995e0
-2.08338e0 -4.1674e-1 3.1181213e0 3.1181213e0
-1.66672e0 -4.1674e-1 2.5686066e0 2.5686066e0
-1.25006e0 -4.1674e-1 2.0413727e0 2.0413727e0
-8.334e-1 -4.1674e-1 1.55921265e0 1.55921265e0
-4.1674e-1 -4.1674e-1 1.17871826e0 1.17871826e0
-8.0e-5 -4.1674e-1 1.02080017e0 1.02080017e0
4.1658e-1 -4.1674e-1 1.17860535e0 1.17860535e0
8.3324e-1 -4.1674e-1 1.55904175e0 1.55904175e0
1.2499e0 -4.1674e-1 2.0411774e0 2.0411774e0
1.66656e0 -4.1674e-1 2.568399e0 2.568399e0
2.08322e0 -4.1674e-1 3.1179077e0 3.1179077e0
2.49988e0 -4.1674e-1 3.6797302e0 3.6797302e0
2.91654e0 -4.1674e-1 4.2489899e0 4.2489899e0
3.3332e0 -4.1674e-1 4.8230469e0 4.8230469e0
3.7498601e0 -4.1674e-1 5.4003754e0 5.4003754e0
4.1665201e0 -4.1674e-1 5.9800293e0 5.9800293e0
4.5831801e0 -4.1674e-1 6.5614868e0 6.5614868e0
4.9998401e0 -4.1674e-1 7.1441467e0 7.1441467e0

-5.0e0 -8.0e-5 7.0710663e0 7.0710663e0
-4.58334e0 -8.0e-5 6.4818207e0 6.4818207e0
-4.16668e0 -8.0e-5 5.8924866e0 5.8924866e0
-3.75002e0 -8.0e-5 5.3032501e0 5.3032501e0
-3.33336e0 -8.0e-5 4.7140137e0 4.7140137e0
-2.9167e0 -8.0e-5 4.1247742e0 4.1247742e0
-2.50004e0 -8.0e-5 3.5355347e0 3.5355347e0
-2.08338e0 -8.0e-5 2.9462982e0 2.9462982e0
-1.66672e0 -8.0e-5 2.3570618e0 2.3570618e0
-1.25006e0 -8.0e-5 1.76785126e0 1.76785126e0
-8.334e-1 -8.0e-5 1.17860535e0 1.17860535e0
-4.1674e-1 -8.0e-5 5.8935059e-1 5.8935059e-1
-8.0e-5 -8.0e-5 2.2627075e-4 2.2627075e-4
4.1658e-1 -8.0e-5 5.8912445e-1 5.8912445e-1
8.3324e-1 -8.0e-5 1.17837921e0 1.17837921e0
1.2499e0 -8.0e-5 1.76762451e0 1.76762451e0
1.66656e0 -8.0e-5 2.356836e0 2.356836e0
2.08322e0 -8.0e-5 2.9460724e0 2.9460724e0
2.49988e0 -8.0e-5 3.5353088e0 3.5353088e0
2.91654e0 -8.0e-5 4.1245483e0 4.1245483e0
3.3332e0 -8.0e-5 4.7137878e0 4.7137878e0
3.7498601e0 -8.0e-5 5.3030243e0 5.3030243e0
4.1665201e0 -8.0e-5 5.8922607e0 5.8922607e0
4.5831801e0 -8.0e-5 6.4815948e0 6.4815948e0
4.9998401e0 -8.0e-5 7.0708405e0 7.0708405e0

-5.0e0 4.1658e-1 7.1443146e0 7.1443146e0
-4.58334e0 4.1658e-1 6.5616486e0 6.5616486e0
-4.16668e0 4.1658e-1 5.980185e0 5.980185e0
-3.75002e0 4.1658e-1 5.4005249e0 5.4005249e0
-3.33336e0 4.1658e-1 4.8231873e0 4.8231873e0
-2.9167e0 4.1658e-1 4.249115e0 4.249115e0
-2.50004e0 4.1658e-1 3.6798401e0 3.6798401e0
-2.08338e0 4.1658e-1 3.1179932e0 3.1179932e0
-1.66672e0 4.1658e-1 2.568451e0 2.568451e0
-1.25006e0 4.1658e-1 2.0411774e0 2.0411774e0
-8.334e-1 4.1658e-1 1.5589563e0 1.5589563e0
-4.1674e-1 4.1658e-1 1.17837952e0 1.17837952e0
-8.0e-5 4.1658e-1 1.02040863e0 1.02040863e0
4.1658e-1 4.1658e-1 1.1782663e0 1.1782663e0
8.3324e-1 4.1658e-1 1.5587851e0 1.5587851e0
1.2499e0 4.1658e-1 2.040979e0 2.040979e0
1.66656e0 4.1658e-1 2.5682434e0 2.5682434e0
2.08322e0 4.1658e-1 3.1177795e0 3.1177795e0
2.49988e0 4.1658e-1 3.6796234e0 3.6796234e0
2.91654e0 4.1658e-1 4.2488953e0 4.2488953e0
3.3332e0 4.1658e-1 4.8229645e0 4.8229645e0
3.7498601e0 4.1658e-1 5.4003021e0 5.4003021e0
4.1665201e0 4.1658e-1 5.9799622e0 5.9799622e0
4.5831801e0 4.1658e-1 6.5614227e0 6.5614227e0
4.9998401e0 4.1658e-1 7.1440887e0 7.1440887e0

-5.0e0 8.3324e-1 7.3597351e0 7.3597351e0
-4.58334e0 8.3324e-1 6.7955658e0 6.7955658e0
-4.16668e0 8.3324e-1 6.2359467e0 6.2359467e0
-3.75002e0 8.3324e-1 5.6824341e0 5.6824341e0
-3.33336e0 8.3324e-1 5.1368805e0 5.1368805e0
-2.9167e0 8.3324e-1 4.6021057e0 4.6021057e0
-2.50004e0 8.3324e-1 4.0823547e0 4.0823547e0
-2.08338e0 8.3324e-1 3.5841705e0 3.5841705e0
-1.66672e0 8.3324e-1 3.1179077e0 3.1179077e0
-1.25006e0 8.3324e-1 2.7001495e0 2.7001495e0
-8.334e-1 8.3324e-1 2.356836e0 2.356836e0
-4.1674e-1 8.3324e-1 2.1243683e0 2.1243683e0
-8.0e-5 8.3324e-1 2.040982e0 2.040982e0
4.1658e-1 8.3324e-1 2.1243042e0 2.1243042e0
8.3324e-1 8.3324e-1 2.356723e0 2.356723e0
1.2499e0 8.3324e-1 2.700003e0 2.700003e0
1.66656e0 8.3324e-1 3.1177368e0 3.1177368e0
2.08322e0 8.3324e-1 3.5839874e0 3.5839874e0
2.49988e0 8.3324e-1 4.0821594e0 4.0821594e0
2.91654e0 8.3324e-1 4.6019043e0 4.6019043e0
3.3332e0 8.3324e-1 5.136673e0 5.136673e0
3.7498601e0 8.3324e-1 5.6822235e0 5.6822235e0
4.1665201e0 8.3324e-1 6.235733e0 6.235733e0
4.5831801e0 8.3324e-1 6.7953522e0 6.7953522e0
4.9998401e0 8.3324e-1 7.3595184e0 7.3595184e0

-5.0e0 1.2499e0 7.7054169e0 7.7054169e0
-4.58334e0 1.2499e0 7.1685059e0 7.1685059e0
-4.16668e0 1.2499e0 6.6404755e0 6.6404755e0
-3.75002e0 1.2499e0 6.1235352e0 6.1235352e0
-3.33336e0 1.2499e0 5.6209564e0 5.6209564e0
-2.9167e0 1.2499e0 5.1368256e0 5.1368256e0
-2.50004e0 1.2499e0 4.676883e0 4.676883e0
-2.08338e0 1.2499e0 4.2489868e0 4.2489868e0
-1.66672e0 1.2499e0 3.8638e0 3.8638e0
-1.25006e0 1.2499e0 3.5353088e0 3.5353088e0
-8.334e-1 1.2499e0 3.2805908e0 3.2805908e0
-4.1674e-1 1.2499e0 3.1177765e0 3.1177765e0
-8.0e-5 1.2499e0 3.0615692e0 3.0615692e0
4.1658e-1 1.2499e0 3.1177338e0 3.1177338e0
8.3324e-1 1.2499e0 3.2805084e0 3.2805084e0
1.2499e0 1.2499e0 3.5351959e0 3.5351959e0
1.66656e0 1.2499e0 3.8636627e0 3.8636627e0
2.08322e0 1.2499e0 4.2488312e0 4.2488312e0
2.49988e0 1.2499e0 4.676712e0 4.676712e0
2.91654e0 1.2499e0 5.1366455e0 5.1366455e0
3.3332e0 1.2499e0 5.6207642e0 5.6207642e0
3.7498601e0 1.2499e0 6.1233368e0 6.1233368e0
4.1665201e0 1.2499e0 6.640274e0 6.640274e0
4.5831801e0 1.2499e0 7.1683044e0 7.1683044e0
4.9998401e0 1.2499e0 7.7052094e0 7.7052094e0

-5.0e0 1.66656e0 8.1648346e0 8.1648346e0
-4.58334e0 1.66656e0 7.6601898e0 7.6601898e0
-4.16668e0 1.66656e0 7.1684692e0 7.1684692e0
-3.75002e0 1.66656e0 6.6925201e0 6.6925201e0
-3.33336e0 1.66656e0 6.2358612e0 6.2358612e0
-2.9167e0 1.66656e0 5.8032593e0 5.8032593e0
-2.50004e0 1.66656e0 5.4003754e0 5.4003754e0
-2.08338e0 1.66656e0 5.0343536e0 5.0343536e0
-1.66672e0 1.66656e0 4.7137878e0 4.7137878e0
-1.25006e0 1.66656e0 4.4485107e0 4.4485107e0
-8.334e-1 1.66656e0 4.2488953e0 4.2488953e0
-4.1674e-1 1.66656e0 4.1244843e0 4.1244843e0
-8.0e-5 1.66656e0 4.0821594e0 4.0821594e0
4.1658e-1 1.66656e0 4.1244537e0 4.1244537e0
8.3324e-1 1.66656e0 4.2488312e0 4.2488312e0
1.2499e0 1.66656e0 4.4484192e0 4.4484192e0
1.66656e0 1.66656e0 4.713675e0 4.713675e0
2.08322e0 1.66656e0 5.0342224e0 5.0342224e0
2.49988e0 1.66656e0 5.4002289e0 5.4002289e0
2.91654e0 1.66656e0 5.8030975e0 5.8030975e0
3.3332e0 1.66656e0 6.2356903e0 6.2356903e0
3.7498601e0 1.66656e0 6.6923401e0 6.6923401e0
4.1665201e0 1.66656e0 7.1682831e0 7.1682831e0
4.5831801e0 1.66656e0 7.6600006e0 7.6600006e0
4.9998401e0 1.66656e0 8.1646393e0 8.1646393e0

-5.0e0 2.08322e0 8.7200226e0 8.7200226e0
-4.58334e0 2.08322e0 8.249414e0 8.249414e0
-4.16668e0 2.08322e0 7.7949493e0 7.7949493e0
-3.75002e0 2.08322e0 7.3596283e0 7.3596283e0
-3.33336e0 2.08322e0 6.9470428e0 6.9470428e0
-2.9167e0 2.08322e0 6.5614868e0 6.5614868e0
-2.50004e0 2.08322e0 6.207904e0 6.207904e0
-2.08338e0 2.08322e0 5.8922607e0 5.8922607e0
-1.66672e0 2.08322e0 5.6208374e0 5.6208374e0
-1.25006e0 2.08322e0 5.4003021e0 5.4003021e0
-8.334e-1 2.08322e0 5.237091e0 5.237091e0
-4.1674e-1 2.08322e0 5.1366699e0 5.1366699e0
-8.0e-5 2.08322e0 5.1027496e0 5.1027496e0
4.1658e-1 2.08322e0 5.1366455e0 5.1366455e0
8.3324e-1 2.08322e0 5.2370392e0 5.2370392e0
1.2499e0 2.08322e0 5.4002289e0 5.4002289e0
1.66656e0 2.08322e0 5.6207428e0 5.6207428e0
2.08322e0 2.08322e0 5.8921478e0 5.8921478e0
2.49988e0 2.08322e0 6.2077759e0 6.2077759e0
2.91654e0 2.08322e0 6.5613434e0 6.5613434e0
3.3332e0 2.08322e0 6.9468903e0 6.9468903e0
3.7498601e0 2.08322e0 7.3594635e0 7.3594635e0
4.1665201e0 2.08322e0 7.7947815e0 7.7947815e0
4.5831801e0 2.08322e0 8.249237e0 8.249237e0
4.9998401e0 2.08322e0 8.7198395e0 8.7198395e0

-5.0e0 2.49988e0 9.353949e0 9.353949e0
-4.58334e0 2.49988e0 8.9168579e0 8.9168579e0
-4.16668e0 2.49988e0 8.4981659e0 8.4981659e0
-3.75002e0 2.49988e0 8.1007202e0 8.1007202e0
-3.33336e0 2.49988e0 7.7278046e0 7.7278046e0
-2.9167e0 2.49988e0 7.383133e0 7.383133e0
-2.50004e0 2.49988e0 7.0708405e0 7.0708405e0
-2.08338e0 2.49988e0 6.7953888e0 6.7953888e0
-1.66672e0 2.49988e0 6.5614227e0 6.5614227e0
-1.25006e0 2.49988e0 6.3735138e0 6.3735138e0
-8.334e-1 2.49988e0 6.23573e0 6.23573e0
-4.1674e-1 2.49988e0 6.1516327e0 6.1516327e0
-8.0e-5 2.49988e0 6.1233368e0 6.1233368e0
4.1658e-1 2.49988e0 6.1516113e0 6.1516113e0
8.3324e-1 2.49988e0 6.2356873e0 6.2356873e0
1.2499e0 2.49988e0 6.3734497e0 6.3734497e0
1.66656e0 2.49988e0 6.5613434e0 6.5613434e0
2.08322e0 2.49988e0 6.7952911e0 6.7952911e0
2.49988e0 2.49988e0 7.0707245e0 7.0707245e0
2.91654e0 2.49988e0 7.3830048e0 7.3830048e0
3.3332e0 2.49988e0 7.7276672e0 7.7276672e0
3.7498601e0 2.49988e0 8.1005707e0 8.1005707e0
4.1665201e0 2.49988e0 8.4980072e0 8.4980072e0
4.5831801e0 2.49988e0 8.9166931e0 8.9166931e0
4.9998401e0 2.49988e0 9.353778e0 9.353778e0

-5.0e0 2.91654e0 1.00517273e1 1.00517273e1
-4.58334e0 2.91654e0 9.6463074e0 9.6463074e0
-4.16668e0 2.91654e0 9.2606506e0 9.2606506e0
-3.75002e0 2.91654e0 8.8973328e0 8.8973328e0
-3.33336e0 2.91654e0 8.559195e0 8.559195e0
-2.9167e0 2.91654e0 8.2493347e0 8.2493347e0
-2.50004e0 2.91654e0 7.971051e0 7.971051e0
-2.08338e0 2.91654e0 7.7277527e0 7.7277527e0
-1.66672e0 2.91654e0 7.5228424e0 7.5228424e0
-1.25006e0 2.91654e0 7.3595215e0 7.3595215e0
-8.334e-1 2.91654e0 7.2406036e0 7.2406036e0
-4.1674e-1 2.91654e0 7.1683044e0 7.1683044e0
-8.0e-5 2.91654e0 7.1440369e0 7.1440369e0
4.1658e-1 2.91654e0 7.1682861e0 7.1682861e0
8.3324e-1 2.91654e0 7.240567e0 7.240567e0
1.2499e0 2.91654e0 7.3594666e0 7.3594666e0
1.66656e0 2.91654e0 7.5227692e0 7.5227692e0
2.08322e0 2.91654e0 7.7276672e0 7.7276672e0
2.49988e0 2.91654e0 7.9709503e0 7.9709503e0
2.91654e0 2.91654e0 8.2492218e0 8.2492218e0
3.3332e0 2.91654e0 8.5590729e0 8.5590729e0
3.7498601e0 2.91654e0 8.8971985e0 8.8971985e0
4.1665201e0 2.91654e0 9.2605072e0 9.2605072e0
4.5831801e0 2.91654e0 9.6461548e0 9.6461548e0
4.9998401e0 2.91654e0 1.00515686e1 1.00515686e1

-5.0e0 3.3332e0 1.08009888e1 1.08009888e1
-4.58334e0 3.3332e0 1.04247467e1 1.04247467e1
-4.16668e0 3.3332e0 1.00689514e1 1.00689514e1
-3.75002e0 3.3332e0 9.7358429e0 9.7358429e0
-3.33336e0 3.3332e0 9.427829e0 9.427829e0
-2.9167e0 3.3332e0 9.1474396e0 9.1474396e0
-2.50004e0 3.3332e0 8.89729e0 8.89729e0
-2.08338e0 3.3332e0 8.6799927e0 8.6799927e0
-1.66672e0 3.3332e0 8.4980743e0 8.4980743e0
-1.25006e0 3.3332e0 8.3538391e0 8.3538391e0
-8.334e-1 3.3332e0 8.2492706e0 8.2492706e0
-4.1674e-1 3.3332e0 8.1858826e0 8.1858826e0
-8.0e-5 3.3332e0 8.1646393e0 8.1646393e0
4.1658e-1 3.3332e0 8.1858673e0 8.1858673e0
8.3324e-1 3.3332e0 8.249237e0 8.249237e0
1.2499e0 3.3332e0 8.3537933e0 8.3537933e0
1.66656e0 3.3332e0 8.4980133e0 8.4980133e0
2.08322e0 3.3332e0 8.6799194e0 8.6799194e0
2.49988e0 3.3332e0 8.8971985e0 8.8971985e0
2.91654e0 3.3332e0 9.1473358e0 9.1473358e0
3.3332e0 3.3332e0 9.427716e0 9.427716e0
3.7498601e0 3.3332e0 9.7357208e0 9.7357208e0
4.1665201e0 3.3332e0 1.00688202e1 1.00688202e1
4.5831801e0 3.3332e0 1.04246094e1 1.04246094e1
4.9998401e0 3.3332e0 1.08008392e1 1.08008392e1

-5.0e0 3.7498601e0 1.15917511e1 1.15917511e1
-4.58334e0 3.7498601e0 1.12420044e1 1.12420044e1
-4.16668e0 3.7498601e0 1.09128845e1 1.09128845e1
-3.75002e0 3.7498601e0 1.06063171e1 1.06063171e1
-3.33336e0 3.7498601e0 1.03243042e1 1.03243042e1
-2.9167e0 3.7498601e0 1.00689087e1 1.00689087e1
-2.50004e0 3.7498601e0 9.8422089e0 9.8422089e0
-2.08338e0 3.7498601e0 9.646222e0 9.646222e0
-1.66672e0 3.7498601e0 9.4828583e0 9.4828583e0
-1.25006e0 3.7498601e0 9.3538208e0 9.3538208e0
-8.334e-1 3.7498601e0 9.26055e0 9.26055e0
-4.1674e-1 3.7498601e0 9.204129e0 9.204129e0
-8.0e-5 3.7498601e0 9.1852417e0 9.1852417e0
4.1658e-1 3.7498601e0 9.2041168e0 9.2041168e0
8.3324e-1 3.7498601e0 9.2605194e0 9.2605194e0
1.2499e0 3.7498601e0 9.353778e0 9.353778e0
1.66656e0 3.7498601e0 9.4828033e0 9.4828033e0
2.08322e0 3.7498601e0 9.6461548e0 9.6461548e0
2.49988e0 3.7498601e0 9.8421265e0 9.8421265e0
2.91654e0 3.7498601e0 1.00688171e1 1.00688171e1
3.3332e0 3.7498601e0 1.03242004e1 1.03242004e1
3.7498601e0 3.7498601e0 1.06062042e1 1.06062042e1
4.1665201e0 3.7498601e0 1.09127655e1 1.09127655e1
4.5831801e0 3.7498601e0 1.12418732e1 1.12418732e1
4.9998401e0 3.7498601e0 1.15916107e1 1.15916107e1

-5.0e0 4.1665201e0 1.24160919e1 1.24160919e1
-4.58334e0 4.1665201e0 1.20902191e1 1.20902191e1
-4.16668e0 4.1665201e0 1.17848114e1 1.17848114e1
-3.75002e0 4.1665201e0 1.15015045e1 1.15015045e1
-3.33336e0 4.1665201e0 1.12419708e1 1.12419708e1
-2.9167e0 4.1665201e0 1.10078888e1 1.10078888e1
-2.50004e0 4.1665201e0 1.08009125e1 1.08009125e1
-2.08338e0 4.1665201e0 1.06226318e1 1.06226318e1
-1.66672e0 4.1665201e0 1.04745056e1 1.04745056e1
-1.25006e0 4.1665201e0 1.03578308e1 1.03578308e1
-8.334e-1 4.1665201e0 1.02736786e1 1.02736786e1
-4.1674e-1 4.1665201e0 1.02228485e1 1.02228485e1
-8.0e-5 4.1665201e0 1.02058472e1 1.02058472e1
4.1658e-1 4.1665201e0 1.02228394e1 1.02228394e1
8.3324e-1 4.1665201e0 1.02736511e1 1.02736511e1
1.2499e0 4.1665201e0 1.03577911e1 1.03577911e1
1.66656e0 4.1665201e0 1.04744537e1 1.04744537e1
2.08322e0 4.1665201e0 1.06225677e1 1.06225677e1
2.49988e0 4.1665201e0 1.08008392e1 1.08008392e1
2.91654e0 4.1665201e0 1.10078033e1 1.10078033e1
3.3332e0 4.1665201e0 1.12418762e1 1.12418762e1
3.7498601e0 4.1665201e0 1.15014008e1 1.15014008e1
4.1665201e0 4.1665201e0 1.17846985e1 1.17846985e1
4.5831801e0 4.1665201e0 1.2090097e1 1.2090097e1
4.9998401e0 4.1665201e0 1.24159607e1 1.24159607e1

-5.0e0 4.5831801e0 1.3267749e1 1.3267749e1
-4.58334e0 4.5831801e0 1.29633026e1 1.29633026e1
-4.16668e0 4.5831801e0 1.26789459e1 1.26789459e1
-3.75002e0 4.5831801e0 1.24160583e1 1.24160583e1
-3.33336e0 4.5831801e0 1.21760345e1 1.21760345e1
-2.9167e0 4.5831801e0 1.19602448e1 1.19602448e1
-2.50004e0 4.5831801e0 1.17700287e1 1.17700287e1
-2.08338e0 4.5831801e0 1.16066406e1 1.16066406e1
-1.66672e0 4.5831801e0 1.14712311e1 1.14712311e1
-1.25006e0 4.5831801e0 1.13647919e1 1.13647919e1
-8.334e-1 4.5831801e0 1.128815e1 1.128815e1
-4.1674e-1 4.5831801e0 1.12419098e1 1.12419098e1
-8.0e-5 4.5831801e0 1.12264526e1 1.12264526e1
4.1658e-1 4.5831801e0 1.12418976e1 1.12418976e1
8.3324e-1 4.5831801e0 1.12881256e1 1.12881256e1
1.2499e0 4.5831801e0 1.13647552e1 1.13647552e1
1.66656e0 4.5831801e0 1.14711853e1 1.14711853e1
2.08322e0 4.5831801e0 1.16065826e1 1.16065826e1
2.49988e0 4.5831801e0 1.17699615e1 1.17699615e1
2.91654e0 4.5831801e0 1.19601685e1 1.19601685e1
3.3332e0 4.5831801e0 1.2175946e1 1.2175946e1
3.7498601e0 4.5831801e0 1.24159607e1 1.24159607e1
4.1665201e0 4.5831801e0 1.26788391e1 1.26788391e1
4.5831801e0 4.5831801e0 1.29631897e1 1.29631897e1
4.9998401e0 4.5831801e0 1.326763e1 1.326763e1

-5.0e0 4.9998401e0 1.41417938e1 1.41417938e1
-4.58334e0 4.9998401e0 1.38565643e1 1.38565643e1
-4.16668e0 4.9998401e0 1.35909088e1 1.35909088e1
-3.75002e0 4.9998401e0 1.33459991e1 1.33459991e1
-3.33336e0 4.9998401e0 1.3122995e1 1.3122995e1
-2.9167e0 4.9998401e0 1.29230286e1 1.29230286e1
-2.50004e0 4.9998401e0 1.27471863e1 1.27471863e1
-2.08338e0 4.9998401e0 1.25964813e1 1.25964813e1
-1.66672e0 4.9998401e0 1.247182e1 1.247182e1
-1.25006e0 4.9998401e0 1.23739929e1 1.23739929e1
-8.334e-1 4.9998401e0 1.23036346e1 1.23036346e1
-4.1674e-1 4.9998401e0 1.22612274e1 1.22612274e1
-8.0e-5 4.9998401e0 1.2247055e1 1.2247055e1
4.1658e-1 4.9998401e0 1.22612152e1 1.22612152e1
8.3324e-1 4.9998401e0 1.23036133e1 1.23036133e1
1.2499e0 4.9998401e0 1.23739594e1 1.23739594e1
1.66656e0 4.9998401e0 1.24717773e1 1.24717773e1
2.08322e0 4.9998401e0 1.25964264e1 1.25964264e1
2.49988e0 4.9998401e0 1.27471222e1 1.27471222e1
2.91654e0 4.9998401e0 1.29229553e1 1.29229553e1
3.3332e0 4.9998401e0 1.31229126e1 1.31229126e1
3.7498601e0 4.9998401e0 1.33459076e1 1.33459076e1
4.1665201e0 4.9998401e0 1.35908112e1 1.35908112e1
4.5831801e0 4.9998401e0 1.38564575e1 1.38564575e1
4.9998401e0 4.9998401e0 1.41416809e1 1.41416809e1
