-1.0e1 -1.0e1 4.251e0 4.251e0
-9.16667e0 -1.0e1 6.74599e-1 6.74599e-1
-8.333339e0 -1.0e1 -2.5546e0 -2.5546e0
-7.500008e0 -1.0e1 -5.436601e0 -5.436601e0
-6.666676e0 -1.0e1 -7.9712e0 -7.9712e0
-5.833345e0 -1.0e1 -1.01587e1 -1.01587e1
-5.000015e0 -1.0e1 -1.1999e1 -1.1999e1
-4.166684e0 -1.0e1 -1.34921e1 -1.34921e1
-3.333353e0 -1.0e1 -1.4637871e1 -1.4637871e1
-2.500021e0 -1.0e1 -1.543648e1 -1.543648e1
-1.66669e0 -1.0e1 -1.5887883e1 -1.5887883e1
-8.3336e-1 -1.0e1 -1.599206e1 -1.599206e1
-2.9e-5 -1.0e1 -1.5749016e1 -1.5749016e1
8.33302e-1 -1.0e1 -1.5158762e1 -1.5158762e1
1.666634e0 -1.0e1 -1.422127e1 -1.422127e1
2.499965e0 -1.0e1 -1.2936601e1 -1.2936601e1
3.333296e0 -1.0e1 -1.1304802e1 -1.1304802e1
4.166628e0 -1.0e1 -9.325601e0 -9.325601e0
4.999957e0 -1.0e1 -6.999202e0 -6.999202e0
5.833289e0 -1.0e1 -4.325601e0 -4.325601e0
6.66662e0 -1.0e1 -1.3048e0 -1.3048e0
7.499951e0 -1.0e1 2.0633e0 2.0633e0
8.333282e0 -1.0e1 5.778499e0 5.778499e0
9.166612e0 -1.0e1 9.84e0 9.84e0
9.999944e0 -1.0e1 1.425e1 1.425e1

-1.0e1 -9.16667e0 6.397e0 6.397e0
-9.16667e0 -9.16667e0 2.8206e0 2.8206e0
-8.333339e0 -9.16667e0 -4.086e-1 -4.086e-1
-7.500008e0 -9.16667e0 -3.2906e0 -3.2906e0
-6.666676e0 -9.16667e0 -5.8252e0 -5.8252e0
-5.833345e0 -9.16667e0 -8.0127e0 -8.0127e0
-5.000015e0 -9.16667e0 -9.853e0 -9.853e0
-4.166684e0 -9.16667e0 -1.13461e1 -1.13461e1
-3.333353e0 -9.16667e0 -1.249187e1 -1.249187e1
-2.500021e0 -9.16667e0 -1.329048e1 -1.329048e1
-1.66669e0 -9.16667e0 -1.3741882e1 -1.3741882e1
-8.3336e-1 -9.16667e0 -1.3846059e1 -1.3846059e1
-2.9e-5 -9.16667e0 -1.3603015e1 -1.3603015e1
8.33302e-1 -9.16667e0 -1.3012761e1 -1.3012761e1
1.666634e0 -9.16667e0 -1.207527e1 -1.207527e1
2.499965e0 -9.16667e0 -1.07906e1 -1.07906e1
3.333296e0 -9.16667e0 -9.158801e0 -9.158801e0
4.166628e0 -9.16667e0 -7.1796e0 -7.1796e0
4.999957e0 -9.16667e0 -4.853201e0 -4.853201e0
5.833289e0 -9.16667e0 -2.1796e0 -2.1796e0
6.66662e0 -9.16667e0 8.412e-1 8.412e-1
7.499951e0 -9.16667e0 4.2093e0 4.2093e0
8.333282e0 -9.16667e0 7.9245e0 7.9245e0
9.166612e0 -9.16667e0 1.1986e1 1.1986e1
9.999944e0 -9.16667e0 1.6396e1 1.6396e1

-1.0e1 -8.333339e0 8.386e0 8.386e0
-9.16667e0 -8.333339e0 4.8096e0 4.8096e0
-8.333339e0 -8.333339e0 1.5804e0 1.5804e0
-7.500008e0 -8.333339e0 -1.3016e0 -1.3016e0
-6.666676e0 -8.333339e0 -3.8362e0 -3.8362e0
-5.833345e0 -8.333339e0 -6.0237e0 -6.0237e0
-5.000015e0 -8.333339e0 -7.864e0 -7.864e0
-4.166684e0 -8.333339e0 -9.3571e0 -9.3571e0
-3.333353e0 -8.333339e0 -1.050287e1 -1.050287e1
-2.500021e0 -8.333339e0 -1.130148e1 -1.130148e1
-1.66669e0 -8.333339e0 -1.1752882e1 -1.1752882e1
-8.3336e-1 -8.333339e0 -1.1857059e1 -1.1857059e1
-2.9e-5 -8.333339e0 -1.1614015e1 -1.1614015e1
8.33302e-1 -8.333339e0 -1.1023761e1 -1.1023761e1
1.666634e0 -8.333339e0 -1.008627e1 -1.008627e1
2.499965e0 -8.333339e0 -8.8016e0 -8.8016e0
3.333296e0 -8.333339e0 -7.169801e0 -7.169801e0
4.166628e0 -8.333339e0 -5.1906e0 -5.1906e0
4.999957e0 -8.333339e0 -2.864201e0 -2.864201e0
5.833289e0 -8.333339e0 -1.906e-1 -1.906e-1
6.66662e0 -8.333339e0 2.8302e0 2.8302e0
7.499951e0 -8.333339e0 6.1983e0 6.1983e0
8.333282e0 -8.333339e0 9.9135e0 9.9135e0
9.166612e0 -8.333339e0 1.3975e1 1.3975e1
9.999944e0 -8.333339e0 1.8385e1 1.8385e1

-1.0e1 -7.500008e0 1.02222e1 1.02222e1
-9.16667e0 -7.500008e0 6.6458e0 6.6458e0
-8.333339e0 -7.500008e0 3.4166e0 3.4166e0
-7.500008e0 -7.500008e0 5.346e-1 5.346e-1
-6.666676e0 -7.500008e0 -2.0e0 -2.0e0
-5.833345e0 -7.500008e0 -4.1875e0 -4.1875e0
-5.000015e0 -7.500008e0 -6.0278e0 -6.0278e0
-4.166684e0 -7.500008e0 -7.5209e0 -7.5209e0
-3.333353e0 -7.500008e0 -8.66667e0 -8.66667e0
-2.500021e0 -7.500008e0 -9.46528e0 -9.46528e0
-1.66669e0 -7.500008e0 -9.916682e0 -9.916682e0
-8.3336e-1 -7.500008e0 -1.0020859e1 -1.0020859e1
-2.9e-5 -7.500008e0 -9.777815e0 -9.777815e0
8.33302e-1 -7.500008e0 -9.187561e0 -9.187561e0
1.666634e0 -7.500008e0 -8.25007e0 -8.25007e0
2.499965e0 -7.500008e0 -6.9654e0 -6.9654e0
3.333296e0 -7.500008e0 -5.333601e0 -5.333601e0
4.166628e0 -7.500008e0 -3.3544e0 -3.3544e0
4.999957e0 -7.500008e0 -1.028001e0 -1.028001e0
5.833289e0 -7.500008e0 1.6456e0 1.6456e0
6.66662e0 -7.500008e0 4.6664e0 4.6664e0
7.499951e0 -7.500008e0 8.0345e0 8.0345e0
8.333282e0 -7.500008e0 1.17497e1 1.17497e1
9.166612e0 -7.500008e0 1.58112e1 1.58112e1
9.999944e0 -7.500008e0 2.02212e1 2.02212e1

-1.0e1 -6.666676e0 1.19044e1 1.19044e1
-9.16667e0 -6.666676e0 8.328e0 8.328e0
-8.333339e0 -6.666676e0 5.0988e0 5.0988e0
-7.500008e0 -6.666676e0 2.2168e0 2.2168e0
-6.666676e0 -6.666676e0 -3.178e-1 -3.178e-1
-5.833345e0 -6.666676e0 -2.5053e0 -2.5053e0
-5.000015e0 -6.666676e0 -4.3456e0 -4.3456e0
-4.166684e0 -6.666676e0 -5.8387e0 -5.8387e0
-3.333353e0 -6.666676e0 -6.9844699e0 -6.9844699e0
-2.500021e0 -6.666676e0 -7.78308e0 -7.78308e0
-1.66669e0 -6.666676e0 -8.2344821e0 -8.2344821e0
-8.3336e-1 -6.666676e0 -8.338658e0 -8.338658e0
-2.9e-5 -6.666676e0 -8.0956151e0 -8.0956151e0
8.33302e-1 -6.666676e0 -7.5053601e0 -7.5053601e0
1.666634e0 -6.666676e0 -6.56787e0 -6.56787e0
2.499965e0 -6.666676e0 -5.2831999e0 -5.2831999e0
3.333296e0 -6.666676e0 -3.6514e0 -3.6514e0
4.166628e0 -6.666676e0 -1.6722e0 -1.6722e0
4.999957e0 -6.666676e0 6.542e-1 6.542e-1
5.833289e0 -6.666676e0 3.3278e0 3.3278e0
6.66662e0 -6.666676e0 6.348601e0 6.348601e0
7.499951e0 -6.666676e0 9.7167e0 9.7167e0
8.333282e0 -6.666676e0 1.34319e1 1.34319e1
9.166612e0 -6.666676e0 1.74934e1 1.74934e1
9.999944e0 -6.666676e0 2.1903401e1 2.1903401e1

-1.0e1 -5.833345e0 1.34322e1 1.34322e1
-9.16667e0 -5.833345e0 9.8558e0 9.8558e0
-8.333339e0 -5.833345e0 6.6266e0 6.6266e0
-7.500008e0 -5.833345e0 3.7446e0 3.7446e0
-6.666676e0 -5.833345e0 1.21e0 1.21e0
-5.833345e0 -5.833345e0 -9.775e-1 -9.775e-1
-5.000015e0 -5.833345e0 -2.8178e0 -2.8178e0
-4.166684e0 -5.833345e0 -4.3109e0 -4.3109e0
-3.333353e0 -5.833345e0 -5.4566699e0 -5.4566699e0
-2.500021e0 -5.833345e0 -6.25528e0 -6.25528e0
-1.66669e0 -5.833345e0 -6.7066821e0 -6.7066821e0
-8.3336e-1 -5.833345e0 -6.810858e0 -6.810858e0
-2.9e-5 -5.833345e0 -6.5678151e0 -6.5678151e0
8.33302e-1 -5.833345e0 -5.9775601e0 -5.9775601e0
1.666634e0 -5.833345e0 -5.04007e0 -5.04007e0
2.499965e0 -5.833345e0 -3.7554e0 -3.7554e0
3.333296e0 -5.833345e0 -2.1236e0 -2.1236e0
4.166628e0 -5.833345e0 -1.444e-1 -1.444e-1
4.999957e0 -5.833345e0 2.182e0 2.182e0
5.833289e0 -5.833345e0 4.8556e0 4.8556e0
6.66662e0 -5.833345e0 7.8764e0 7.8764e0
7.499951e0 -5.833345e0 1.12445e1 1.12445e1
8.333282e0 -5.833345e0 1.49597e1 1.49597e1
9.166612e0 -5.833345e0 1.90212e1 1.90212e1
9.999944e0 -5.833345e0 2.3431201e1 2.3431201e1

-1.0e1 -5.000015e0 1.48057e1 1.48057e1
-9.16667e0 -5.000015e0 1.12293e1 1.12293e1
-8.333339e0 -5.000015e0 8.0001e0 8.0001e0
-7.500008e0 -5.000015e0 5.1181e0 5.1181e0
-6.666676e0 -5.000015e0 2.5835e0 2.5835e0
-5.833345e0 -5.000015e0 3.96e-1 3.96e-1
-5.000015e0 -5.000015e0 -1.4443e0 -1.4443e0
-4.166684e0 -5.000015e0 -2.9373999e0 -2.9373999e0
-3.333353e0 -5.000015e0 -4.0831699e0 -4.0831699e0
-2.500021e0 -5.000015e0 -4.88178e0 -4.88178e0
-1.66669e0 -5.000015e0 -5.333182e0 -5.333182e0
-8.3336e-1 -5.000015e0 -5.437358e0 -5.437358e0
-2.9e-5 -5.000015e0 -5.194315e0 -5.194315e0
8.33302e-1 -5.000015e0 -4.60406e0 -4.60406e0
1.666634e0 -5.000015e0 -3.66657e0 -3.66657e0
2.499965e0 -5.000015e0 -2.3818999e0 -2.3818999e0
3.333296e0 -5.000015e0 -7.501e-1 -7.501e-1
4.166628e0 -5.000015e0 1.2291e0 1.2291e0
4.999957e0 -5.000015e0 3.5555e0 3.5555e0
5.833289e0 -5.000015e0 6.2291e0 6.2291e0
6.66662e0 -5.000015e0 9.249901e0 9.249901e0
7.499951e0 -5.000015e0 1.2618001e1 1.2618001e1
8.333282e0 -5.000015e0 1.63332e1 1.63332e1
9.166612e0 -5.000015e0 2.03947e1 2.03947e1
9.999944e0 -5.000015e0 2.4804701e1 2.4804701e1

-1.0e1 -4.166684e0 1.6024701e1 1.6024701e1
-9.16667e0 -4.166684e0 1.24483e1 1.24483e1
-8.333339e0 -4.166684e0 9.219101e0 9.219101e0
-7.500008e0 -4.166684e0 6.3371e0 6.3371e0
-6.666676e0 -4.166684e0 3.8025e0 3.8025e0
-5.833345e0 -4.166684e0 1.615e0 1.615e0
-5.000015e0 -4.166684e0 -2.253e-1 -2.253e-1
-4.166684e0 -4.166684e0 -1.7184e0 -1.7184e0
-3.333353e0 -4.166684e0 -2.8641699e0 -2.8641699e0
-2.500021e0 -4.166684e0 -3.66278e0 -3.66278e0
-1.66669e0 -4.166684e0 -4.1141821e0 -4.1141821e0
-8.3336e-1 -4.166684e0 -4.218358e0 -4.218358e0
-2.9e-5 -4.166684e0 -3.9753151e0 -3.9753151e0
8.33302e-1 -4.166684e0 -3.3850601e0 -3.3850601e0
1.666634e0 -4.166684e0 -2.44757e0 -2.44757e0
2.499965e0 -4.166684e0 -1.1629e0 -1.1629e0
3.333296e0 -4.166684e0 4.689e-1 4.689e-1
4.166628e0 -4.166684e0 2.4481e0 2.4481e0
4.999957e0 -4.166684e0 4.7745e0 4.7745e0
5.833289e0 -4.166684e0 7.4481e0 7.4481e0
6.66662e0 -4.166684e0 1.0468901e1 1.0468901e1
7.499951e0 -4.166684e0 1.3837001e1 1.3837001e1
8.333282e0 -4.166684e0 1.75522e1 1.75522e1
9.166612e0 -4.166684e0 2.1613701e1 2.1613701e1
9.999944e0 -4.166684e0 2.6023701e1 2.6023701e1

-1.0e1 -3.333353e0 1.7089601e1 1.7089601e1
-9.16667e0 -3.333353e0 1.35132e1 1.35132e1
-8.333339e0 -3.333353e0 1.0284001e1 1.0284001e1
-7.500008e0 -3.333353e0 7.402e0 7.402e0
-6.666676e0 -3.333353e0 4.8674e0 4.8674e0
-5.833345e0 -3.333353e0 2.6799e0 2.6799e0
-5.000015e0 -3.333353e0 8.396e-1 8.396e-1
-4.166684e0 -3.333353e0 -6.534999e-1 -6.534999e-1
-3.333353e0 -3.333353e0 -1.7992699e0 -1.7992699e0
-2.500021e0 -3.333353e0 -2.59788e0 -2.59788e0
-1.66669e0 -3.333353e0 -3.049282e0 -3.049282e0
-8.3336e-1 -3.333353e0 -3.153458e0 -3.153458e0
-2.9e-5 -3.333353e0 -2.910415e0 -2.910415e0
8.33302e-1 -3.333353e0 -2.32016e0 -2.32016e0
1.666634e0 -3.333353e0 -1.38267e0 -1.38267e0
2.499965e0 -3.333353e0 -9.79999e-2 -9.79999e-2
3.333296e0 -3.333353e0 1.5338e0 1.5338e0
4.166628e0 -3.333353e0 3.513e0 3.513e0
4.999957e0 -3.333353e0 5.8394e0 5.8394e0
5.833289e0 -3.333353e0 8.513e0 8.513e0
6.66662e0 -3.333353e0 1.1533801e1 1.1533801e1
7.499951e0 -3.333353e0 1.4901901e1 1.4901901e1
8.333282e0 -3.333353e0 1.86171e1 1.86171e1
9.166612e0 -3.333353e0 2.2678601e1 2.2678601e1
9.999944e0 -3.333353e0 2.7088602e1 2.7088602e1

-1.0e1 -2.500021e0 1.80001e1 1.80001e1
-9.16667e0 -2.500021e0 1.44237e1 1.44237e1
-8.333339e0 -2.500021e0 1.11945e1 1.11945e1
-7.500008e0 -2.500021e0 8.3125e0 8.3125e0
-6.666676e0 -2.500021e0 5.7779e0 5.7779e0
-5.833345e0 -2.500021e0 3.5904e0 3.5904e0
-5.000015e0 -2.500021e0 1.7501e0 1.7501e0
-4.166684e0 -2.500021e0 2.57e-1 2.57e-1
-3.333353e0 -2.500021e0 -8.8877e-1 -8.8877e-1
-2.500021e0 -2.500021e0 -1.68738e0 -1.68738e0
-1.66669e0 -2.500021e0 -2.1387822e0 -2.1387822e0
-8.3336e-1 -2.500021e0 -2.242958e0 -2.242958e0
-2.9e-5 -2.500021e0 -1.9999152e0 -1.9999152e0
8.33302e-1 -2.500021e0 -1.4096602e0 -1.4096602e0
1.666634e0 -2.500021e0 -4.721701e-1 -4.721701e-1
2.499965e0 -2.500021e0 8.125e-1 8.125e-1
3.333296e0 -2.500021e0 2.4443e0 2.4443e0
4.166628e0 -2.500021e0 4.4234999e0 4.4234999e0
4.999957e0 -2.500021e0 6.7498999e0 6.7498999e0
5.833289e0 -2.500021e0 9.4235e0 9.4235e0
6.66662e0 -2.500021e0 1.2444301e1 1.2444301e1
7.499951e0 -2.500021e0 1.5812401e1 1.5812401e1
8.333282e0 -2.500021e0 1.95276e1 1.95276e1
9.166612e0 -2.500021e0 2.35891e1 2.35891e1
9.999944e0 -2.500021e0 2.7999101e1 2.7999101e1

-1.0e1 -1.66669e0 1.8756201e1 1.8756201e1
-9.16667e0 -1.66669e0 1.51798e1 1.51798e1
-8.333339e0 -1.66669e0 1.1950601e1 1.1950601e1
-7.500008e0 -1.66669e0 9.0686e0 9.0686e0
-6.666676e0 -1.66669e0 6.534e0 6.534e0
-5.833345e0 -1.66669e0 4.3465e0 4.3465e0
-5.000015e0 -1.66669e0 2.5062e0 2.5062e0
-4.166684e0 -1.66669e0 1.0131e0 1.0131e0
-3.333353e0 -1.66669e0 -1.3267e-1 -1.3267e-1
-2.500021e0 -1.66669e0 -9.3128e-1 -9.3128e-1
-1.66669e0 -1.66669e0 -1.3826822e0 -1.3826822e0
-8.3336e-1 -1.66669e0 -1.486858e0 -1.486858e0
-2.9e-5 -1.66669e0 -1.2438152e0 -1.2438152e0
8.33302e-1 -1.66669e0 -6.535602e-1 -6.535602e-1
1.666634e0 -1.66669e0 2.839299e-1 2.839299e-1
2.499965e0 -1.66669e0 1.5686e0 1.5686e0
3.333296e0 -1.66669e0 3.2004e0 3.2004e0
4.166628e0 -1.66669e0 5.1795999e0 5.1795999e0
4.999957e0 -1.66669e0 7.5059999e0 7.5059999e0
5.833289e0 -1.66669e0 1.01796e1 1.01796e1
6.66662e0 -1.66669e0 1.3200401e1 1.3200401e1
7.499951e0 -1.66669e0 1.6568501e1 1.6568501e1
8.333282e0 -1.66669e0 2.02837e1 2.02837e1
9.166612e0 -1.66669e0 2.4345201e1 2.4345201e1
9.999944e0 -1.66669e0 2.8755202e1 2.8755202e1

-1.0e1 -8.3336e-1 1.935802e1 1.935802e1
-9.16667e0 -8.3336e-1 1.578162e1 1.578162e1
-8.333339e0 -8.3336e-1 1.255242e1 1.255242e1
-7.500008e0 -8.3336e-1 9.67042e0 9.67042e0
-6.666676e0 -8.3336e-1 7.13582e0 7.13582e0
-5.833345e0 -8.3336e-1 4.94832e0 4.94832e0
-5.000015e0 -8.3336e-1 3.10802e0 3.10802e0
-4.166684e0 -8.3336e-1 1.61492e0 1.61492e0
-3.333353e0 -8.3336e-1 4.691501e-1 4.691501e-1
-2.500021e0 -8.3336e-1 -3.2945999e-1 -3.2945999e-1
-1.66669e0 -8.3336e-1 -7.80862e-1 -7.80862e-1
-8.3336e-1 -8.3336e-1 -8.850379e-1 -8.850379e-1
-2.9e-5 -8.3336e-1 -6.41995e-1 -6.41995e-1
8.33302e-1 -8.3336e-1 -5.173999e-2 -5.173999e-2
1.666634e0 -8.3336e-1 8.8575e-1 8.8575e-1
2.499965e0 -8.3336e-1 2.17042e0 2.17042e0
3.333296e0 -8.3336e-1 3.80222e0 3.80222e0
4.166628e0 -8.3336e-1 5.78142e0 5.78142e0
4.999957e0 -8.3336e-1 8.10782e0 8.10782e0
5.833289e0 -8.3336e-1 1.078142e1 1.078142e1
6.66662e0 -8.3336e-1 1.380222e1 1.380222e1
7.499951e0 -8.3336e-1 1.717032e1 1.717032e1
8.333282e0 -8.3336e-1 2.088552e1 2.088552e1
9.166612e0 -8.3336e-1 2.494702e1 2.494702e1
9.999944e0 -8.3336e-1 2.935702e1 2.935702e1

-1.0e1 -2.9e-5 1.980556e1 1.980556e1
-9.16667e0 -2.9e-5 1.622916e1 1.622916e1
-8.333339e0 -2.9e-5 1.299996e1 1.299996e1
-7.500008e0 -2.9e-5 1.011796e1 1.011796e1
-6.666676e0 -2.9e-5 7.58336e0 7.58336e0
-5.833345e0 -2.9e-5 5.39586e0 5.39586e0
-5.000015e0 -2.9e-5 3.55556e0 3.55556e0
-4.166684e0 -2.9e-5 2.06246e0 2.06246e0
-3.333353e0 -2.9e-5 9.1669e-1 9.1669e-1
-2.500021e0 -2.9e-5 1.1808e-1 1.1808e-1
-1.66669e0 -2.9e-5 -3.33322e-1 -3.33322e-1
-8.3336e-1 -2.9e-5 -4.3749791e-1 -4.3749791e-1
-2.9e-5 -2.9e-5 -1.94455e-1 -1.94455e-1
8.33302e-1 -2.9e-5 3.958e-1 3.958e-1
1.666634e0 -2.9e-5 1.33329e0 1.33329e0
2.499965e0 -2.9e-5 2.61796e0 2.61796e0
3.333296e0 -2.9e-5 4.24976e0 4.24976e0
4.166628e0 -2.9e-5 6.22896e0 6.22896e0
4.999957e0 -2.9e-5 8.55536e0 8.55536e0
5.833289e0 -2.9e-5 1.122896e1 1.122896e1
6.66662e0 -2.9e-5 1.424976e1 1.424976e1
7.499951e0 -2.9e-5 1.761786e1 1.761786e1
8.333282e0 -2.9e-5 2.133306e1 2.133306e1
9.166612e0 -2.9e-5 2.539456e1 2.539456e1
9.999944e0 -2.9e-5 2.9804561e1 2.9804561e1

-1.0e1 8.33302e-1 2.009877e1 2.009877e1
-9.16667e0 8.33302e-1 1.652237e1 1.652237e1
-8.333339e0 8.33302e-1 1.329317e1 1.329317e1
-7.500008e0 8.33302e-1 1.041117e1 1.041117e1
-6.666676e0 8.33302e-1 7.8765701e0 7.8765701e0
-5.833345e0 8.33302e-1 5.6890701e0 5.6890701e0
-5.000015e0 8.33302e-1 3.8487701e0 3.8487701e0
-4.166684e0 8.33302e-1 2.3556702e0 2.3556702e0
-3.333353e0 8.33302e-1 1.2099002e0 1.2099002e0
-2.500021e0 8.33302e-1 4.1129001e-1 4.1129001e-1
-1.66669e0 8.33302e-1 -4.0112e-2 -4.0112e-2
-8.3336e-1 8.33302e-1 -1.442879e-1 -1.442879e-1
-2.9e-5 8.33302e-1 9.8755e-2 9.8755e-2
8.33302e-1 8.33302e-1 6.8901001e-1 6.8901001e-1
1.666634e0 8.33302e-1 1.6265001e0 1.6265001e0
2.499965e0 8.33302e-1 2.9111702e0 2.9111702e0
3.333296e0 8.33302e-1 4.5429701e0 4.5429701e0
4.166628e0 8.33302e-1 6.5221701e0 6.5221701e0
4.999957e0 8.33302e-1 8.8485701e0 8.8485701e0
5.833289e0 8.33302e-1 1.152217e1 1.152217e1
6.66662e0 8.33302e-1 1.454297e1 1.454297e1
7.499951e0 8.33302e-1 1.791107e1 1.791107e1
8.333282e0 8.33302e-1 2.162627e1 2.162627e1
9.166612e0 8.33302e-1 2.568777e1 2.568777e1
9.999944e0 8.33302e-1 3.009777e1 3.009777e1

-1.0e1 1.666634e0 2.0237654e1 2.0237654e1
-9.16667e0 1.666634e0 1.6661253e1 1.6661253e1
-8.333339e0 1.666634e0 1.3432054e1 1.3432054e1
-7.500008e0 1.666634e0 1.0550053e1 1.0550053e1
-6.666676e0 1.666634e0 8.015453e0 8.015453e0
-5.833345e0 1.666634e0 5.827953e0 5.827953e0
-5.000015e0 1.666634e0 3.987653e0 3.987653e0
-4.166684e0 1.666634e0 2.494553e0 2.494553e0
-3.333353e0 1.666634e0 1.3487831e0 1.3487831e0
-2.500021e0 1.666634e0 5.50173e-1 5.50173e-1
-1.66669e0 1.666634e0 9.8771e-2 9.8771e-2
-8.3336e-1 1.666634e0 -5.404901e-3 -5.404901e-3
-2.9e-5 1.666634e0 2.37638e-1 2.37638e-1
8.33302e-1 1.666634e0 8.27893e-1 8.27893e-1
1.666634e0 1.666634e0 1.765383e0 1.765383e0
2.499965e0 1.666634e0 3.0500531e0 3.0500531e0
3.333296e0 1.666634e0 4.681853e0 4.681853e0
4.166628e0 1.666634e0 6.661053e0 6.661053e0
4.999957e0 1.666634e0 8.987453e0 8.987453e0
5.833289e0 1.666634e0 1.1661053e1 1.1661053e1
6.66662e0 1.666634e0 1.4681854e1 1.4681854e1
7.499951e0 1.666634e0 1.8049954e1 1.8049954e1
8.333282e0 1.666634e0 2.1765154e1 2.1765154e1
9.166612e0 1.666634e0 2.5826654e1 2.5826654e1
9.999944e0 1.666634e0 3.0236655e1 3.0236655e1

-1.0e1 2.499965e0 2.0222227e1 2.0222227e1
-9.16667e0 2.499965e0 1.6645827e1 1.6645827e1
-8.333339e0 2.499965e0 1.3416628e1 1.3416628e1
-7.500008e0 2.499965e0 1.0534627e1 1.0534627e1
-6.666676e0 2.499965e0 8.000027e0 8.000027e0
-5.833345e0 2.499965e0 5.812527e0 5.812527e0
-5.000015e0 2.499965e0 3.972227e0 3.972227e0
-4.166684e0 2.499965e0 2.479127e0 2.479127e0
-3.333353e0 2.499965e0 1.3333571e0 1.3333571e0
-2.500021e0 2.499965e0 5.3474701e-1 5.3474701e-1
-1.66669e0 2.499965e0 8.3345e-2 8.3345e-2
-8.3336e-1 2.499965e0 -2.08309e-2 -2.08309e-2
-2.9e-5 2.499965e0 2.22212e-1 2.22212e-1
8.33302e-1 2.499965e0 8.1246701e-1 8.1246701e-1
1.666634e0 2.499965e0 1.749957e0 1.749957e0
2.499965e0 2.499965e0 3.034627e0 3.034627e0
3.333296e0 2.499965e0 4.666427e0 4.666427e0
4.166628e0 2.499965e0 6.645627e0 6.645627e0
4.999957e0 2.499965e0 8.972027e0 8.972027e0
5.833289e0 2.499965e0 1.1645627e1 1.1645627e1
6.66662e0 2.499965e0 1.4666428e1 1.4666428e1
7.499951e0 2.499965e0 1.8034528e1 1.8034528e1
8.333282e0 2.499965e0 2.1749727e1 2.1749727e1
9.166612e0 2.499965e0 2.5811227e1 2.5811227e1
9.999944e0 2.499965e0 3.0221228e1 3.0221228e1

-1.0e1 3.333296e0 2.005249e1 2.005249e1
-9.16667e0 3.333296e0 1.647609e1 1.647609e1
-8.333339e0 3.333296e0 1.324689e1 1.324689e1
-7.500008e0 3.333296e0 1.036489e1 1.036489e1
-6.666676e0 3.333296e0 7.83029e0 7.83029e0
-5.833345e0 3.333296e0 5.64279e0 5.64279e0
-5.000015e0 3.333296e0 3.8024901e0 3.8024901e0
-4.166684e0 3.333296e0 2.3093901e0 2.3093901e0
-3.333353e0 3.333296e0 1.1636201e0 1.1636201e0
-2.500021e0 3.333296e0 3.6501001e-1 3.6501001e-1
-1.66669e0 3.333296e0 -8.6392e-2 -8.6392e-2
-8.3336e-1 3.333296e0 -1.905679e-1 -1.905679e-1
-2.9e-5 3.333296e0 5.2475e-2 5.2475e-2
8.33302e-1 3.333296e0 6.4273001e-1 6.4273001e-1
1.666634e0 3.333296e0 1.58022e0 1.58022e0
2.499965e0 3.333296e0 2.8648901e0 2.8648901e0
3.333296e0 3.333296e0 4.49669e0 4.49669e0
4.166628e0 3.333296e0 6.47589e0 6.47589e0
4.999957e0 3.333296e0 8.80229e0 8.80229e0
5.833289e0 3.333296e0 1.147589e1 1.147589e1
6.66662e0 3.333296e0 1.449669e1 1.449669e1
7.499951e0 3.333296e0 1.786479e1 1.786479e1
8.333282e0 3.333296e0 2.157999e1 2.157999e1
9.166612e0 3.333296e0 2.564149e1 2.564149e1
9.999944e0 3.333296e0 3.0051491e1 3.0051491e1

-1.0e1 4.166628e0 1.9728421e1 1.9728421e1
-9.16667e0 4.166628e0 1.615202e1 1.615202e1
-8.333339e0 4.166628e0 1.2922821e1 1.2922821e1
-7.500008e0 4.166628e0 1.004082e1 1.004082e1
-6.666676e0 4.166628e0 7.5062201e0 7.5062201e0
-5.833345e0 4.166628e0 5.3187201e0 5.3187201e0
-5.000015e0 4.166628e0 3.4784201e0 3.4784201e0
-4.166684e0 4.166628e0 1.9853201e0 1.9853201e0
-3.333353e0 4.166628e0 8.395502e-1 8.395502e-1
-2.500021e0 4.166628e0 4.094e-2 4.094e-2
-1.66669e0 4.166628e0 -4.10462e-1 -4.10462e-1
-8.3336e-1 4.166628e0 -5.1463791e-1 -5.1463791e-1
-2.9e-5 4.166628e0 -2.71595e-1 -2.71595e-1
8.33302e-1 4.166628e0 3.1866e-1 3.1866e-1
1.666634e0 4.166628e0 1.25615e0 1.25615e0
2.499965e0 4.166628e0 2.5408202e0 2.5408202e0
3.333296e0 4.166628e0 4.1726201e0 4.1726201e0
4.166628e0 4.166628e0 6.15182e0 6.15182e0
4.999957e0 4.166628e0 8.47822e0 8.47822e0
5.833289e0 4.166628e0 1.115182e1 1.115182e1
6.66662e0 4.166628e0 1.4172621e1 1.4172621e1
7.499951e0 4.166628e0 1.7540721e1 1.7540721e1
8.333282e0 4.166628e0 2.125592e1 2.125592e1
9.166612e0 4.166628e0 2.5317421e1 2.5317421e1
9.999944e0 4.166628e0 2.9727422e1 2.9727422e1

-1.0e1 4.999957e0 1.925003e1 1.925003e1
-9.16667e0 4.999957e0 1.567363e1 1.567363e1
-8.333339e0 4.999957e0 1.244443e1 1.244443e1
-7.500008e0 4.999957e0 9.56243e0 9.56243e0
-6.666676e0 4.999957e0 7.02783e0 7.02783e0
-5.833345e0 4.999957e0 4.84033e0 4.84033e0
-5.000015e0 4.999957e0 3.00003e0 3.00003e0
-4.166684e0 4.999957e0 1.5069301e0 1.5069301e0
-3.333353e0 4.999957e0 3.611601e-1 3.611601e-1
-2.500021e0 4.999957e0 -4.3745e-1 -4.3745e-1
-1.66669e0 4.999957e0 -8.88852e-1 -8.88852e-1
-8.3336e-1 4.999957e0 -9.9302791e-1 -9.9302791e-1
-2.9e-5 4.999957e0 -7.49985e-1 -7.49985e-1
8.33302e-1 4.999957e0 -1.5973e-1 -1.5973e-1
1.666634e0 4.999957e0 7.7776e-1 7.7776e-1
2.499965e0 4.999957e0 2.0624301e0 2.0624301e0
3.333296e0 4.999957e0 3.69423e0 3.69423e0
4.166628e0 4.999957e0 5.67343e0 5.67343e0
4.999957e0 4.999957e0 7.99983e0 7.99983e0
5.833289e0 4.999957e0 1.067343e1 1.067343e1
6.66662e0 4.999957e0 1.369423e1 1.369423e1
7.499951e0 4.999957e0 1.706233e1 1.706233e1
8.333282e0 4.999957e0 2.077753e1 2.077753e1
9.166612e0 4.999957e0 2.483903e1 2.483903e1
9.999944e0 4.999957e0 2.9249031e1 2.9249031e1

-1.0e1 5.833289e0 1.86175e1 1.86175e1
-9.16667e0 5.833289e0 1.50411e1 1.50411e1
-8.333339e0 5.833289e0 1.18119e1 1.18119e1
-7.500008e0 5.833289e0 8.9299e0 8.9299e0
-6.666676e0 5.833289e0 6.3953e0 6.3953e0
-5.833345e0 5.833289e0 4.2078e0 4.2078e0
-5.000015e0 5.833289e0 2.3675e0 2.3675e0
-4.166684e0 5.833289e0 8.744e-1 8.744e-1
-3.333353e0 5.833289e0 -2.7137e-1 -2.7137e-1
-2.500021e0 5.833289e0 -1.06998e0 -1.06998e0
-1.66669e0 5.833289e0 -1.5213821e0 -1.5213821e0
-8.3336e-1 5.833289e0 -1.625558e0 -1.625558e0
-2.9e-5 5.833289e0 -1.3825151e0 -1.3825151e0
8.33302e-1 5.833289e0 -7.922601e-1 -7.922601e-1
1.666634e0 5.833289e0 1.4523e-1 1.4523e-1
2.499965e0 5.833289e0 1.4299e0 1.4299e0
3.333296e0 5.833289e0 3.0617e0 3.0617e0
4.166628e0 5.833289e0 5.0409e0 5.0409e0
4.999957e0 5.833289e0 7.3673e0 7.3673e0
5.833289e0 5.833289e0 1.00409e1 1.00409e1
6.66662e0 5.833289e0 1.30617e1 1.30617e1
7.499951e0 5.833289e0 1.64298e1 1.64298e1
8.333282e0 5.833289e0 2.0145e1 2.0145e1
9.166612e0 5.833289e0 2.42065e1 2.42065e1
9.999944e0 5.833289e0 2.8616501e1 2.8616501e1

-1.0e1 6.66662e0 1.78304e1 1.78304e1
-9.16667e0 6.66662e0 1.4254e1 1.4254e1
-8.333339e0 6.66662e0 1.10248e1 1.10248e1
-7.500008e0 6.66662e0 8.1428e0 8.1428e0
-6.666676e0 6.66662e0 5.6081999e0 5.6081999e0
-5.833345e0 6.66662e0 3.4206999e0 3.4206999e0
-5.000015e0 6.66662e0 1.5804e0 1.5804e0
-4.166684e0 6.66662e0 8.73e-2 8.73e-2
-3.333353e0 6.66662e0 -1.05847e0 -1.05847e0
-2.500021e0 6.66662e0 -1.8570801e0 -1.8570801e0
-1.66669e0 6.66662e0 -2.3084822e0 -2.3084822e0
-8.3336e-1 6.66662e0 -2.4126581e0 -2.4126581e0
-2.9e-5 6.66662e0 -2.1696152e0 -2.1696152e0
8.33302e-1 6.66662e0 -1.5793602e0 -1.5793602e0
1.666634e0 6.66662e0 -6.418701e-1 -6.418701e-1
2.499965e0 6.66662e0 6.428e-1 6.428e-1
3.333296e0 6.66662e0 2.2745999e0 2.2745999e0
4.166628e0 6.66662e0 4.2537999e0 4.2537999e0
4.999957e0 6.66662e0 6.5801999e0 6.5801999e0
5.833289e0 6.66662e0 9.2538e0 9.2538e0
6.66662e0 6.66662e0 1.22746e1 1.22746e1
7.499951e0 6.66662e0 1.56427e1 1.56427e1
8.333282e0 6.66662e0 1.93579e1 1.93579e1
9.166612e0 6.66662e0 2.34194e1 2.34194e1
9.999944e0 6.66662e0 2.78294e1 2.78294e1

-1.0e1 7.499951e0 1.68891e1 1.68891e1
-9.16667e0 7.499951e0 1.33127e1 1.33127e1
-8.333339e0 7.499951e0 1.00835e1 1.00835e1
-7.500008e0 7.499951e0 7.2015e0 7.2015e0
-6.666676e0 7.499951e0 4.6669e0 4.6669e0
-5.833345e0 7.499951e0 2.4794e0 2.4794e0
-5.000015e0 7.499951e0 6.391e-1 6.391e-1
-4.166684e0 7.499951e0 -8.54e-1 -8.54e-1
-3.333353e0 7.499951e0 -1.9997699e0 -1.9997699e0
-2.500021e0 7.499951e0 -2.79838e0 -2.79838e0
-1.66669e0 7.499951e0 -3.2497821e0 -3.2497821e0
-8.3336e-1 7.499951e0 -3.353958e0 -3.353958e0
-2.9e-5 7.499951e0 -3.110915e0 -3.110915e0
8.33302e-1 7.499951e0 -2.5206601e0 -2.5206601e0
1.666634e0 7.499951e0 -1.58317e0 -1.58317e0
2.499965e0 7.499951e0 -2.984999e-1 -2.984999e-1
3.333296e0 7.499951e0 1.3333e0 1.3333e0
4.166628e0 7.499951e0 3.3125e0 3.3125e0
4.999957e0 7.499951e0 5.6389e0 5.6389e0
5.833289e0 7.499951e0 8.3125e0 8.3125e0
6.66662e0 7.499951e0 1.1333301e1 1.1333301e1
7.499951e0 7.499951e0 1.47014e1 1.47014e1
8.333282e0 7.499951e0 1.84166e1 1.84166e1
9.166612e0 7.499951e0 2.24781e1 2.24781e1
9.999944e0 7.499951e0 2.6888101e1 2.6888101e1

-1.0e1 8.333282e0 1.57934e1 1.57934e1
-9.16667e0 8.333282e0 1.2217e1 1.2217e1
-8.333339e0 8.333282e0 8.9878e0 8.9878e0
-7.500008e0 8.333282e0 6.1058e0 6.1058e0
-6.666676e0 8.333282e0 3.5712e0 3.5712e0
-5.833345e0 8.333282e0 1.3837e0 1.3837e0
-5.000015e0 8.333282e0 -4.566e-1 -4.566e-1
-4.166684e0 8.333282e0 -1.9497e0 -1.9497e0
-3.333353e0 8.333282e0 -3.09547e0 -3.09547e0
-2.500021e0 8.333282e0 -3.89408e0 -3.89408e0
-1.66669e0 8.333282e0 -4.3454822e0 -4.3454822e0
-8.3336e-1 8.333282e0 -4.449658e0 -4.449658e0
-2.9e-5 8.333282e0 -4.2066151e0 -4.2066151e0
8.33302e-1 8.333282e0 -3.6163602e0 -3.6163602e0
1.666634e0 8.333282e0 -2.6788701e0 -2.6788701e0
2.499965e0 8.333282e0 -1.3942e0 -1.3942e0
3.333296e0 8.333282e0 2.376e-1 2.376e-1
4.166628e0 8.333282e0 2.2168e0 2.2168e0
4.999957e0 8.333282e0 4.5431999e0 4.5431999e0
5.833289e0 8.333282e0 7.2168e0 7.2168e0
6.66662e0 8.333282e0 1.02376e1 1.02376e1
7.499951e0 8.333282e0 1.36057e1 1.36057e1
8.333282e0 8.333282e0 1.73209e1 1.73209e1
9.166612e0 8.333282e0 2.13824e1 2.13824e1
9.999944e0 8.333282e0 2.5792401e1 2.5792401e1

-1.0e1 9.166612e0 1.45434e1 1.45434e1
-9.16667e0 9.166612e0 1.0967e1 1.0967e1
-8.333339e0 9.166612e0 7.7378e0 7.7378e0
-7.500008e0 9.166612e0 4.8558e0 4.8558e0
-6.666676e0 9.166612e0 2.3212e0 2.3212e0
-5.833345e0 9.166612e0 1.337e-1 1.337e-1
-5.000015e0 9.166612e0 -1.7066e0 -1.7066e0
-4.166684e0 9.166612e0 -3.1997e0 -3.1997e0
-3.333353e0 9.166612e0 -4.34547e0 -4.34547e0
-2.500021e0 9.166612e0 -5.14408e0 -5.14408e0
-1.66669e0 9.166612e0 -5.5954822e0 -5.5954822e0
-8.3336e-1 9.166612e0 -5.699658e0 -5.699658e0
-2.9e-5 9.166612e0 -5.4566151e0 -5.4566151e0
8.33302e-1 9.166612e0 -4.8663602e0 -4.8663602e0
1.666634e0 9.166612e0 -3.9288701e0 -3.9288701e0
2.499965e0 9.166612e0 -2.6442e0 -2.6442e0
3.333296e0 9.166612e0 -1.0124e0 -1.0124e0
4.166628e0 9.166612e0 9.668e-1 9.668e-1
4.999957e0 9.166612e0 3.2931999e0 3.2931999e0
5.833289e0 9.166612e0 5.9668e0 5.9668e0
6.66662e0 9.166612e0 8.9876e0 8.9876e0
7.499951e0 9.166612e0 1.23557e1 1.23557e1
8.333282e0 9.166612e0 1.60709e1 1.60709e1
9.166612e0 9.166612e0 2.01324e1 2.01324e1
9.999944e0 9.166612e0 2.4542401e1 2.4542401e1

-1.0e1 9.999944e0 1.31391e1 1.31391e1
-9.16667e0 9.999944e0 9.5627e0 9.5627e0
-8.333339e0 9.999944e0 6.3335e0 6.3335e0
-7.500008e0 9.999944e0 3.4515e0 3.4515e0
-6.666676e0 9.999944e0 9.169e-1 9.169e-1
-5.833345e0 9.999944e0 -1.2706e0 -1.2706e0
-5.000015e0 9.999944e0 -3.1109e0 -3.1109e0
-4.166684e0 9.999944e0 -4.604e0 -4.604e0
-3.333353e0 9.999944e0 -5.7497699e0 -5.7497699e0
-2.500021e0 9.999944e0 -6.54838e0 -6.54838e0
-1.66669e0 9.999944e0 -6.9997821e0 -6.9997821e0
-8.3336e-1 9.999944e0 -7.103958e0 -7.103958e0
-2.9e-5 9.999944e0 -6.860915e0 -6.860915e0
8.33302e-1 9.999944e0 -6.2706601e0 -6.2706601e0
1.666634e0 9.999944e0 -5.33317e0 -5.33317e0
2.499965e0 9.999944e0 -4.0484999e0 -4.0484999e0
3.333296e0 9.999944e0 -2.4167e0 -2.4167e0
4.166628e0 9.999944e0 -4.375e-1 -4.375e-1
4.999957e0 9.999944e0 1.8889e0 1.8889e0
5.833289e0 9.999944e0 4.5625e0 4.5625e0
6.66662e0 9.999944e0 7.583301e0 7.583301e0
7.499951e0 9.999944e0 1.09514e1 1.09514e1
8.333282e0 9.999944e0 1.46666e1 1.46666e1
9.166612e0 9.999944e0 1.87281e1 1.87281e1
9.999944e0 9.999944e0 2.3138101e1 2.3138101e1
