-5.0e0 0.0e0 -5.0e0 -5.0e0
-5.0e0 -3.992996e0 -4.58334e0 -4.58334e0
-5.0e0 -7.638779e0 -4.16668e0 -4.16668e0
-5.0e0 -1.0937347e1 -3.75002e0 -3.75002e0
-5.0e0 -1.3888702e1 -3.33336e0 -3.33336e0
-5.0e0 -1.6492857e1 -2.9167e0 -2.9167e0
-5.0e0 -1.8749802e1 -2.50004e0 -2.50004e0
-5.0e0 -2.0659528e1 -2.08338e0 -2.08338e0
-5.0e0 -2.2222043e1 -1.66672e0 -1.66672e0
-5.0e0 -2.343735e1 -1.25006e0 -1.25006e0
-5.0e0 -2.4305446e1 -8.334e-1 -8.334e-1
-5.0e0 -2.4826329e1 -4.1674e-1 -4.1674e-1
-5.0e0 -2.5e1 -8.0e-5 -8.0e-5
-5.0e0 -2.4826462e1 4.1658e-1 4.1658e-1
-5.0e0 -2.4305711e1 8.3324e-1 8.3324e-1
-5.0e0 -2.3437752e1 1.2499e0 1.2499e0
-5.0e0 -2.2222577e1 1.66656e0 1.66656e0
-5.0e0 -2.0660194e1 2.08322e0 2.08322e0
-5.0e0 -1.8750603e1 2.49988e0 2.49988e0
-5.0e0 -1.6493791e1 2.91654e0 2.91654e0
-5.0e0 -1.388977e1 3.3332e0 3.3332e0
-5.0e0 -1.0938553e1 3.7498601e0 3.7498601e0
-5.0e0 -7.640106e0 4.1665201e0 4.1665201e0
-5.0e0 -3.994461e0 4.5831801e0 4.5831801e0
-5.0e0 -1.602e-3 4.9998401e0 4.9998401e0

-4.58334e0 3.992996e0 -5.0e0 -5.0e0
-4.58334e0 0.0e0 -4.58334e0 -4.58334e0
-4.58334e0 -3.645782e0 -4.16668e0 -4.16668e0
-4.58334e0 -6.944351e0 -3.75002e0 -3.75002e0
-4.58334e0 -9.895706e0 -3.33336e0 -3.33336e0
-4.58334e0 -1.2499861e1 -2.9167e0 -2.9167e0
-4.58334e0 -1.4756805e1 -2.50004e0 -2.50004e0
-4.58334e0 -1.6666531e1 -2.08338e0 -2.08338e0
-4.58334e0 -1.8229047e1 -1.66672e0 -1.66672e0
-4.58334e0 -1.9444354e1 -1.25006e0 -1.25006e0
-4.58334e0 -2.031245e1 -8.334e-1 -8.334e-1
-4.58334e0 -2.0833333e1 -4.1674e-1 -4.1674e-1
-4.58334e0 -2.1007004e1 -8.0e-5 -8.0e-5
-4.58334e0 -2.0833466e1 4.1658e-1 4.1658e-1
-4.58334e0 -2.0312715e1 8.3324e-1 8.3324e-1
-4.58334e0 -1.9444756e1 1.2499e0 1.2499e0
-4.58334e0 -1.822958e1 1.66656e0 1.66656e0
-4.58334e0 -1.6667198e1 2.08322e0 2.08322e0
-4.58334e0 -1.4757607e1 2.49988e0 2.49988e0
-4.58334e0 -1.2500795e1 2.91654e0 2.91654e0
-4.58334e0 -9.896774e0 3.3332e0 3.3332e0
-4.58334e0 -6.945557e0 3.7498601e0 3.7498601e0
-4.58334e0 -3.64711e0 4.1665201e0 4.1665201e0
-4.58334e0 -1.465e-3 4.5831801e0 4.5831801e0
-4.58334e0 3.991394e0 4.9998401e0 4.9998401e0

-4.16668e0 7.638779e0 -5.0e0 -5.0e0
-4.16668e0 3.645782e0 -4.58334e0 -4.58334e0
-4.16668e0 0.0e0 -4.16668e0 -4.16668e0
-4.16668e0 -3.298569e0 -3.75002e0 -3.75002e0
-4.16668e0 -6.249924e0 -3.33336e0 -3.33336e0
-4.16668e0 -8.854079e0 -2.9167e0 -2.9167e0
-4.16668e0 -1.1111023e1 -2.50004e0 -2.50004e0
-4.16668e0 -1.3020749e1 -2.08338e0 -2.08338e0
-4.16668e0 -1.4583264e1 -1.66672e0 -1.66672e0
-4.16668e0 -1.5798572e1 -1.25006e0 -1.25006e0
-4.16668e0 -1.6666667e1 -8.334e-1 -8.334e-1
-4.16668e0 -1.718755e1 -4.1674e-1 -4.1674e-1
-4.16668e0 -1.7361221e1 -8.0e-5 -8.0e-5
-4.16668e0 -1.7187683e1 4.1658e-1 4.1658e-1
-4.16668e0 -1.6666933e1 8.3324e-1 8.3324e-1
-4.16668e0 -1.5798973e1 1.2499e0 1.2499e0
-4.16668e0 -1.4583798e1 1.66656e0 1.66656e0
-4.16668e0 -1.3021416e1 2.08322e0 2.08322e0
-4.16668e0 -1.1111824e1 2.49988e0 2.49988e0
-4.16668e0 -8.855013e0 2.91654e0 2.91654e0
-4.16668e0 -6.250992e0 3.3332e0 3.3332e0
-4.16668e0 -3.299774e0 3.7498601e0 3.7498601e0
-4.16668e0 -1.328e-3 4.1665201e0 4.1665201e0
-4.16668e0 3.644318e0 4.5831801e0 4.5831801e0
-4.16668e0 7.637177e0 4.9998401e0 4.9998401e0

-3.75002e0 1.0937347e1 -5.0e0 -5.0e0
-3.75002e0 6.944351e0 -4.58334e0 -4.58334e0
-3.75002e0 3.298569e0 -4.16668e0 -4.16668e0
-3.75002e0 0.0e0 -3.75002e0 -3.75002e0
-3.75002e0 -2.951355e0 -3.33336e0 -3.33336e0
-3.75002e0 -5.55551e0 -2.9167e0 -2.9167e0
-3.75002e0 -7.812454e0 -2.50004e0 -2.50004e0
-3.75002e0 -9.72218e0 -2.08338e0 -2.08338e0
-3.75002e0 -1.1284695e1 -1.66672e0 -1.66672e0
-3.75002e0 -1.2500003e1 -1.25006e0 -1.25006e0
-3.75002e0 -1.3368098e1 -8.334e-1 -8.334e-1
-3.75002e0 -1.3888982e1 -4.1674e-1 -4.1674e-1
-3.75002e0 -1.4062653e1 -8.0e-5 -8.0e-5
-3.75002e0 -1.3889114e1 4.1658e-1 4.1658e-1
-3.75002e0 -1.3368364e1 8.3324e-1 8.3324e-1
-3.75002e0 -1.2500404e1 1.2499e0 1.2499e0
-3.75002e0 -1.128523e1 1.66656e0 1.66656e0
-3.75002e0 -9.722847e0 2.08322e0 2.08322e0
-3.75002e0 -7.813255e0 2.49988e0 2.49988e0
-3.75002e0 -5.556444e0 2.91654e0 2.91654e0
-3.75002e0 -2.952423e0 3.3332e0 3.3332e0
-3.75002e0 -1.205e-3 3.7498601e0 3.7498601e0
-3.75002e0 3.297241e0 4.1665201e0 4.1665201e0
-3.75002e0 6.942886e0 4.5831801e0 4.5831801e0
-3.75002e0 1.0935745e1 4.9998401e0 4.9998401e0

-3.33336e0 1.3888702e1 -5.0e0 -5.0e0
-3.33336e0 9.895706e0 -4.58334e0 -4.58334e0
-3.33336e0 6.249924e0 -4.16668e0 -4.16668e0
-3.33336e0 2.951355e0 -3.75002e0 -3.75002e0
-3.33336e0 0.0e0 -3.33336e0 -3.33336e0
-3.33336e0 -2.604155e0 -2.9167e0 -2.9167e0
-3.33336e0 -4.8611e0 -2.50004e0 -2.50004e0
-3.33336e0 -6.770825e0 -2.08338e0 -2.08338e0
-3.33336e0 -8.33334e0 -1.66672e0 -1.66672e0
-3.33336e0 -9.548648e0 -1.25006e0 -1.25006e0
-3.33336e0 -1.0416743e1 -8.334e-1 -8.334e-1
-3.33336e0 -1.0937627e1 -4.1674e-1 -4.1674e-1
-3.33336e0 -1.1111298e1 -8.0e-5 -8.0e-5
-3.33336e0 -1.093776e1 4.1658e-1 4.1658e-1
-3.33336e0 -1.0417009e1 8.3324e-1 8.3324e-1
-3.33336e0 -9.54905e0 1.2499e0 1.2499e0
-3.33336e0 -8.333875e0 1.66656e0 1.66656e0
-3.33336e0 -6.771492e0 2.08322e0 2.08322e0
-3.33336e0 -4.8619e0 2.49988e0 2.49988e0
-3.33336e0 -2.605089e0 2.91654e0 2.91654e0
-3.33336e0 -1.068e-3 3.3332e0 3.3332e0
-3.33336e0 2.95015e0 3.7498601e0 3.7498601e0
-3.33336e0 6.248596e0 4.1665201e0 4.1665201e0
-3.33336e0 9.894241e0 4.5831801e0 4.5831801e0
-3.33336e0 1.38871e1 4.9998401e0 4.9998401e0

-2.9167e0 1.6492857e1 -5.0e0 -5.0e0
-2.9167e0 1.2499861e1 -4.58334e0 -4.58334e0
-2.9167e0 8.854079e0 -4.16668e0 -4.16668e0
-2.9167e0 5.55551e0 -3.75002e0 -3.75002e0
-2.9167e0 2.604155e0 -3.33336e0 -3.33336e0
-2.9167e0 0.0e0 -2.9167e0 -2.9167e0
-2.9167e0 -2.2569443e0 -2.50004e0 -2.50004e0
-2.9167e0 -4.1666702e0 -2.08338e0 -2.08338e0
-2.9167e0 -5.7291855e0 -1.66672e0 -1.66672e0
-2.9167e0 -6.9444931e0 -1.25006e0 -1.25006e0
-2.9167e0 -7.8125871e0 -8.334e-1 -8.334e-1
-2.9167e0 -8.3334705e0 -4.1674e-1 -4.1674e-1
-2.9167e0 -8.5071426e0 -8.0e-5 -8.0e-5
-2.9167e0 -8.3336037e0 4.1658e-1 4.1658e-1
-2.9167e0 -7.8128537e0 8.3324e-1 8.3324e-1
-2.9167e0 -6.9448944e0 1.2499e0 1.2499e0
-2.9167e0 -5.7297195e0 1.66656e0 1.66656e0
-2.9167e0 -4.167337e0 2.08322e0 2.08322e0
-2.9167e0 -2.2577454e0 2.49988e0 2.49988e0
-2.9167e0 -9.338e-4 2.91654e0 2.91654e0
-2.9167e0 2.603087e0 3.3332e0 3.3332e0
-2.9167e0 5.554305e0 3.7498601e0 3.7498601e0
-2.9167e0 8.852751e0 4.1665201e0 4.1665201e0
-2.9167e0 1.2498396e1 4.5831801e0 4.5831801e0
-2.9167e0 1.6491255e1 4.9998401e0 4.9998401e0

-2.50004e0 1.8749802e1 -5.0e0 -5.0e0
-2.50004e0 1.4756805e1 -4.58334e0 -4.58334e0
-2.50004e0 1.1111023e1 -4.16668e0 -4.16668e0
-2.50004e0 7.812454e0 -3.75002e0 -3.75002e0
-2.50004e0 4.8611e0 -3.33336e0 -3.33336e0
-2.50004e0 2.2569443e0 -2.9167e0 -2.9167e0
-2.50004e0 0.0e0 -2.50004e0 -2.50004e0
-2.50004e0 -1.909726e0 -2.08338e0 -2.08338e0
-2.50004e0 -3.4722412e0 -1.66672e0 -1.66672e0
-2.50004e0 -4.6875488e0 -1.25006e0 -1.25006e0
-2.50004e0 -5.5556429e0 -8.334e-1 -8.334e-1
-2.50004e0 -6.0765262e0 -4.1674e-1 -4.1674e-1
-2.50004e0 -6.2501984e0 -8.0e-5 -8.0e-5
-2.50004e0 -6.0766594e0 4.1658e-1 4.1658e-1
-2.50004e0 -5.5559094e0 8.3324e-1 8.3324e-1
-2.50004e0 -4.6879501e0 1.2499e0 1.2499e0
-2.50004e0 -3.4727753e0 1.66656e0 1.66656e0
-2.50004e0 -1.9103928e0 2.08322e0 2.08322e0
-2.50004e0 -8.011e-4 2.49988e0 2.49988e0
-2.50004e0 2.2560104e0 2.91654e0 2.91654e0
-2.50004e0 4.860031e0 3.3332e0 3.3332e0
-2.50004e0 7.811249e0 3.7498601e0 3.7498601e0
-2.50004e0 1.1109695e1 4.1665201e0 4.1665201e0
-2.50004e0 1.475534e1 4.5831801e0 4.5831801e0
-2.50004e0 1.87482e1 4.9998401e0 4.9998401e0

-2.08338e0 2.0659528e1 -5.0e0 -5.0e0
-2.08338e0 1.6666531e1 -4.58334e0 -4.58334e0
-2.08338e0 1.3020749e1 -4.16668e0 -4.16668e0
-2.08338e0 9.72218e0 -3.75002e0 -3.75002e0
-2.08338e0 6.770825e0 -3.33336e0 -3.33336e0
-2.08338e0 4.1666702e0 -2.9167e0 -2.9167e0
-2.08338e0 1.909726e0 -2.50004e0 -2.50004e0
-2.08338e0 0.0e0 -2.08338e0 -2.08338e0
-2.08338e0 -1.5625153e0 -1.66672e0 -1.66672e0
-2.08338e0 -2.7778229e0 -1.25006e0 -1.25006e0
-2.08338e0 -3.6459169e0 -8.334e-1 -8.334e-1
-2.08338e0 -4.1668002e0 -4.1674e-1 -4.1674e-1
-2.08338e0 -4.3404724e0 -8.0e-5 -8.0e-5
-2.08338e0 -4.1669334e0 4.1658e-1 4.1658e-1
-2.08338e0 -3.6461835e0 8.3324e-1 8.3324e-1
-2.08338e0 -2.7782242e0 1.2499e0 1.2499e0
-2.08338e0 -1.5630493e0 1.66656e0 1.66656e0
-2.08338e0 -6.668e-4 2.08322e0 2.08322e0
-2.08338e0 1.9089249e0 2.49988e0 2.49988e0
-2.08338e0 4.1657364e0 2.91654e0 2.91654e0
-2.08338e0 6.769757e0 3.3332e0 3.3332e0
-2.08338e0 9.720975e0 3.7498601e0 3.7498601e0
-2.08338e0 1.3019421e1 4.1665201e0 4.1665201e0
-2.08338e0 1.6665067e1 4.5831801e0 4.5831801e0
-2.08338e0 2.0657925e1 4.9998401e0 4.9998401e0

-1.66672e0 2.2222043e1 -5.0e0 -5.0e0
-1.66672e0 1.8229047e1 -4.58334e0 -4.58334e0
-1.66672e0 1.4583264e1 -4.16668e0 -4.16668e0
-1.66672e0 1.1284695e1 -3.75002e0 -3.75002e0
-1.66672e0 8.33334e0 -3.33336e0 -3.33336e0
-1.66672e0 5.7291855e0 -2.9167e0 -2.9167e0
-1.66672e0 3.4722412e0 -2.50004e0 -2.50004e0
-1.66672e0 1.5625153e0 -2.08338e0 -2.08338e0
-1.66672e0 0.0e0 -1.66672e0 -1.66672e0
-1.66672e0 -1.2153076e0 -1.25006e0 -1.25006e0
-1.66672e0 -2.0834016e0 -8.334e-1 -8.334e-1
-1.66672e0 -2.604285e0 -4.1674e-1 -4.1674e-1
-1.66672e0 -2.7779572e0 -8.0e-5 -8.0e-5
-1.66672e0 -2.6044182e0 4.1658e-1 4.1658e-1
-1.66672e0 -2.0836682e0 8.3324e-1 8.3324e-1
-1.66672e0 -1.2157089e0 1.2499e0 1.2499e0
-1.66672e0 -5.34e-4 1.66656e0 1.66656e0
-1.66672e0 1.5618484e0 2.08322e0 2.08322e0
-1.66672e0 3.4714401e0 2.49988e0 2.49988e0
-1.66672e0 5.7282516e0 2.91654e0 2.91654e0
-1.66672e0 8.332272e0 3.3332e0 3.3332e0
-1.66672e0 1.128349e1 3.7498601e0 3.7498601e0
-1.66672e0 1.4581937e1 4.1665201e0 4.1665201e0
-1.66672e0 1.8227582e1 4.5831801e0 4.5831801e0
-1.66672e0 2.222044e1 4.9998401e0 4.9998401e0

-1.25006e0 2.343735e1 -5.0e0 -5.0e0
-1.25006e0 1.9444354e1 -4.58334e0 -4.58334e0
-1.25006e0 1.5798572e1 -4.16668e0 -4.16668e0
-1.25006e0 1.2500003e1 -3.75002e0 -3.75002e0
-1.25006e0 9.548648e0 -3.33336e0 -3.33336e0
-1.25006e0 6.9444931e0 -2.9167e0 -2.9167e0
-1.25006e0 4.6875488e0 -2.50004e0 -2.50004e0
-1.25006e0 2.7778229e0 -2.08338e0 -2.08338e0
-1.25006e0 1.2153076e0 -1.66672e0 -1.66672e0
-1.25006e0 0.0e0 -1.25006e0 -1.25006e0
-1.25006e0 -8.68094e-1 -8.334e-1 -8.334e-1
-1.25006e0 -1.3889774e0 -4.1674e-1 -4.1674e-1
-1.25006e0 -1.5626495e0 -8.0e-5 -8.0e-5
-1.25006e0 -1.3891106e0 4.1658e-1 4.1658e-1
-1.25006e0 -8.683606e-1 8.3324e-1 8.3324e-1
-1.25006e0 -4.013e-4 1.2499e0 1.2499e0
-1.25006e0 1.2147736e0 1.66656e0 1.66656e0
-1.25006e0 2.777156e0 2.08322e0 2.08322e0
-1.25006e0 4.6867477e0 2.49988e0 2.49988e0
-1.25006e0 6.9435593e0 2.91654e0 2.91654e0
-1.25006e0 9.54758e0 3.3332e0 3.3332e0
-1.25006e0 1.2498798e1 3.7498601e0 3.7498601e0
-1.25006e0 1.5797244e1 4.1665201e0 4.1665201e0
-1.25006e0 1.944289e1 4.5831801e0 4.5831801e0
-1.25006e0 2.3435748e1 4.9998401e0 4.9998401e0

-8.334e-1 2.4305446e1 -5.0e0 -5.0e0
-8.334e-1 2.031245e1 -4.58334e0 -4.58334e0
-8.334e-1 1.6666667e1 -4.16668e0 -4.16668e0
-8.334e-1 1.3368098e1 -3.75002e0 -3.75002e0
-8.334e-1 1.0416743e1 -3.33336e0 -3.33336e0
-8.334e-1 7.8125871e0 -2.9167e0 -2.9167e0
-8.334e-1 5.5556429e0 -2.50004e0 -2.50004e0
-8.334e-1 3.6459169e0 -2.08338e0 -2.08338e0
-8.334e-1 2.0834016e0 -1.66672e0 -1.66672e0
-8.334e-1 8.68094e-1 -1.25006e0 -1.25006e0
-8.334e-1 0.0e0 -8.334e-1 -8.334e-1
-8.334e-1 -5.2088333e-1 -4.1674e-1 -4.1674e-1
-8.334e-1 -6.9455551e-1 -8.0e-5 -8.0e-5
-8.334e-1 -5.2101654e-1 4.1658e-1 4.1658e-1
-8.334e-1 -2.6657e-4 8.3324e-1 8.3324e-1
-8.334e-1 8.676927e-1 1.2499e0 1.2499e0
-8.334e-1 2.0828676e0 1.66656e0 1.66656e0
-8.334e-1 3.6452501e0 2.08322e0 2.08322e0
-8.334e-1 5.5548418e0 2.49988e0 2.49988e0
-8.334e-1 7.8116533e0 2.91654e0 2.91654e0
-8.334e-1 1.0415675e1 3.3332e0 3.3332e0
-8.334e-1 1.3366893e1 3.7498601e0 3.7498601e0
-8.334e-1 1.666534e1 4.1665201e0 4.1665201e0
-8.334e-1 2.0310985e1 4.5831801e0 4.5831801e0
-8.334e-1 2.4303844e1 4.9998401e0 4.9998401e0

-4.1674e-1 2.4826329e1 -5.0e0 -5.0e0
-4.1674e-1 2.0833333e1 -4.58334e0 -4.58334e0
-4.1674e-1 1.718755e1 -4.16668e0 -4.16668e0
-4.1674e-1 1.3888982e1 -3.75002e0 -3.75002e0
-4.1674e-1 1.0937627e1 -3.33336e0 -3.33336e0
-4.1674e-1 8.3334705e0 -2.9167e0 -2.9167e0
-4.1674e-1 6.0765262e0 -2.50004e0 -2.50004e0
-4.1674e-1 4.1668002e0 -2.08338e0 -2.08338e0
-4.1674e-1 2.604285e0 -1.66672e0 -1.66672e0
-4.1674e-1 1.3889774e0 -1.25006e0 -1.25006e0
-4.1674e-1 5.2088333e-1 -8.334e-1 -8.334e-1
-4.1674e-1 0.0e0 -4.1674e-1 -4.1674e-1
-4.1674e-1 -1.7367218e-1 -8.0e-5 -8.0e-5
-4.1674e-1 -1.3321e-4 4.1658e-1 4.1658e-1
-4.1674e-1 5.2061676e-1 8.3324e-1 8.3324e-1
-4.1674e-1 1.388576e0 1.2499e0 1.2499e0
-4.1674e-1 2.6037509e0 1.66656e0 1.66656e0
-4.1674e-1 4.1661334e0 2.08322e0 2.08322e0
-4.1674e-1 6.0757251e0 2.49988e0 2.49988e0
-4.1674e-1 8.3325366e0 2.91654e0 2.91654e0
-4.1674e-1 1.0936559e1 3.3332e0 3.3332e0
-4.1674e-1 1.3887776e1 3.7498601e0 3.7498601e0
-4.1674e-1 1.7186223e1 4.1665201e0 4.1665201e0
-4.1674e-1 2.0831868e1 4.5831801e0 4.5831801e0
-4.1674e-1 2.4824727e1 4.9998401e0 4.9998401e0

-8.0e-5 2.5e1 -5.0e0 -5.0e0
-8.0e-5 2.1007004e1 -4.58334e0 -4.58334e0
-8.0e-5 1.7361221e1 -4.16668e0 -4.16668e0
-8.0e-5 1.4062653e1 -3.75002e0 -3.75002e0
-8.0e-5 1.1111298e1 -3.33336e0 -3.33336e0
-8.0e-5 8.5071426e0 -2.9167e0 -2.9167e0
-8.0e-5 6.2501984e0 -2.50004e0 -2.50004e0
-8.0e-5 4.3404724e0 -2.08338e0 -2.08338e0
-8.0e-5 2.7779572e0 -1.66672e0 -1.66672e0
-8.0e-5 1.5626495e0 -1.25006e0 -1.25006e0
-8.0e-5 6.9455551e-1 -8.334e-1 -8.334e-1
-8.0e-5 1.7367218e-1 -4.1674e-1 -4.1674e-1
-8.0e-5 0.0e0 -8.0e-5 -8.0e-5
-8.0e-5 1.7353897e-1 4.1658e-1 4.1658e-1
-8.0e-5 6.9428894e-1 8.3324e-1 8.3324e-1
-8.0e-5 1.5622482e0 1.2499e0 1.2499e0
-8.0e-5 2.7774231e0 1.66656e0 1.66656e0
-8.0e-5 4.3398056e0 2.08322e0 2.08322e0
-8.0e-5 6.2493973e0 2.49988e0 2.49988e0
-8.0e-5 8.5062088e0 2.91654e0 2.91654e0
-8.0e-5 1.111023e1 3.3332e0 3.3332e0
-8.0e-5 1.4061447e1 3.7498601e0 3.7498601e0
-8.0e-5 1.7359894e1 4.1665201e0 4.1665201e0
-8.0e-5 2.1005539e1 4.5831801e0 4.5831801e0
-8.0e-5 2.4998398e1 4.9998401e0 4.9998401e0

4.1658e-1 2.4826462e1 -5.0e0 -5.0e0
4.1658e-1 2.0833466e1 -4.58334e0 -4.58334e0
4.1658e-1 1.7187683e1 -4.16668e0 -4.16668e0
4.1658e-1 1.3889114e1 -3.75002e0 -3.75002e0
4.1658e-1 1.093776e1 -3.33336e0 -3.33336e0
4.1658e-1 8.3336037e0 -2.9167e0 -2.9167e0
4.1658e-1 6.0766594e0 -2.50004e0 -2.50004e0
4.1658e-1 4.1669334e0 -2.08338e0 -2.08338e0
4.1658e-1 2.6044182e0 -1.66672e0 -1.66672e0
4.1658e-1 1.3891106e0 -1.25006e0 -1.25006e0
4.1658e-1 5.2101654e-1 -8.334e-1 -8.334e-1
4.1658e-1 1.3321e-4 -4.1674e-1 -4.1674e-1
4.1658e-1 -1.7353897e-1 -8.0e-5 -8.0e-5
4.1658e-1 0.0e0 4.1658e-1 4.1658e-1
4.1658e-1 5.2074997e-1 8.3324e-1 8.3324e-1
4.1658e-1 1.3887093e0 1.2499e0 1.2499e0
4.1658e-1 2.6038841e0 1.66656e0 1.66656e0
4.1658e-1 4.1662666e0 2.08322e0 2.08322e0
4.1658e-1 6.0758583e0 2.49988e0 2.49988e0
4.1658e-1 8.3326698e0 2.91654e0 2.91654e0
4.1658e-1 1.0936691e1 3.3332e0 3.3332e0
4.1658e-1 1.3887909e1 3.7498601e0 3.7498601e0
4.1658e-1 1.7186356e1 4.1665201e0 4.1665201e0
4.1658e-1 2.0832e1 4.5831801e0 4.5831801e0
4.1658e-1 2.482486e1 4.9998401e0 4.9998401e0

8.3324e-1 2.4305711e1 -5.0e0 -5.0e0
8.3324e-1 2.0312715e1 -4.58334e0 -4.58334e0
8.3324e-1 1.6666933e1 -4.16668e0 -4.16668e0
8.3324e-1 1.3368364e1 -3.75002e0 -3.75002e0
8.3324e-1 1.0417009e1 -3.33336e0 -3.33336e0
8.3324e-1 7.8128537e0 -2.9167e0 -2.9167e0
8.3324e-1 5.5559094e0 -2.50004e0 -2.50004e0
8.3324e-1 3.6461835e0 -2.08338e0 -2.08338e0
8.3324e-1 2.0836682e0 -1.66672e0 -1.66672e0
8.3324e-1 8.683606e-1 -1.25006e0 -1.25006e0
8.3324e-1 2.6657e-4 -8.334e-1 -8.334e-1
8.3324e-1 -5.2061676e-1 -4.1674e-1 -4.1674e-1
8.3324e-1 -6.9428894e-1 -8.0e-5 -8.0e-5
8.3324e-1 -5.2074997e-1 4.1658e-1 4.1658e-1
8.3324e-1 0.0e0 8.3324e-1 8.3324e-1
8.3324e-1 8.679593e-1 1.2499e0 1.2499e0
8.3324e-1 2.0831342e0 1.66656e0 1.66656e0
8.3324e-1 3.6455167e0 2.08322e0 2.08322e0
8.3324e-1 5.5551083e0 2.49988e0 2.49988e0
8.3324e-1 7.8119199e0 2.91654e0 2.91654e0
8.3324e-1 1.0415941e1 3.3332e0 3.3332e0
8.3324e-1 1.3367159e1 3.7498601e0 3.7498601e0
8.3324e-1 1.6665605e1 4.1665201e0 4.1665201e0
8.3324e-1 2.031125e1 4.5831801e0 4.5831801e0
8.3324e-1 2.4304109e1 4.9998401e0 4.9998401e0

1.2499e0 2.3437752e1 -5.0e0 -5.0e0
1.2499e0 1.9444756e1 -4.58334e0 -4.58334e0
1.2499e0 1.5798973e1 -4.16668e0 -4.16668e0
1.2499e0 1.2500404e1 -3.75002e0 -3.75002e0
1.2499e0 9.54905e0 -3.33336e0 -3.33336e0
1.2499e0 6.9448944e0 -2.9167e0 -2.9167e0
1.2499e0 4.6879501e0 -2.50004e0 -2.50004e0
1.2499e0 2.7782242e0 -2.08338e0 -2.08338e0
1.2499e0 1.2157089e0 -1.66672e0 -1.66672e0
1.2499e0 4.013e-4 -1.25006e0 -1.25006e0
1.2499e0 -8.676927e-1 -8.334e-1 -8.334e-1
1.2499e0 -1.388576e0 -4.1674e-1 -4.1674e-1
1.2499e0 -1.5622482e0 -8.0e-5 -8.0e-5
1.2499e0 -1.3887093e0 4.1658e-1 4.1658e-1
1.2499e0 -8.679593e-1 8.3324e-1 8.3324e-1
1.2499e0 0.0e0 1.2499e0 1.2499e0
1.2499e0 1.2151749e0 1.66656e0 1.66656e0
1.2499e0 2.7775574e0 2.08322e0 2.08322e0
1.2499e0 4.687149e0 2.49988e0 2.49988e0
1.2499e0 6.9439606e0 2.91654e0 2.91654e0
1.2499e0 9.547981e0 3.3332e0 3.3332e0
1.2499e0 1.2499199e1 3.7498601e0 3.7498601e0
1.2499e0 1.5797646e1 4.1665201e0 4.1665201e0
1.2499e0 1.944329e1 4.5831801e0 4.5831801e0
1.2499e0 2.343615e1 4.9998401e0 4.9998401e0

1.66656e0 2.2222577e1 -5.0e0 -5.0e0
1.66656e0 1.822958e1 -4.58334e0 -4.58334e0
1.66656e0 1.4583798e1 -4.16668e0 -4.16668e0
1.66656e0 1.128523e1 -3.75002e0 -3.75002e0
1.66656e0 8.333875e0 -3.33336e0 -3.33336e0
1.66656e0 5.7297195e0 -2.9167e0 -2.9167e0
1.66656e0 3.4727753e0 -2.50004e0 -2.50004e0
1.66656e0 1.5630493e0 -2.08338e0 -2.08338e0
1.66656e0 5.34e-4 -1.66672e0 -1.66672e0
1.66656e0 -1.2147736e0 -1.25006e0 -1.25006e0
1.66656e0 -2.0828676e0 -8.334e-1 -8.334e-1
1.66656e0 -2.6037509e0 -4.1674e-1 -4.1674e-1
1.66656e0 -2.7774231e0 -8.0e-5 -8.0e-5
1.66656e0 -2.6038841e0 4.1658e-1 4.1658e-1
1.66656e0 -2.0831342e0 8.3324e-1 8.3324e-1
1.66656e0 -1.2151749e0 1.2499e0 1.2499e0
1.66656e0 0.0e0 1.66656e0 1.66656e0
1.66656e0 1.5623825e0 2.08322e0 2.08322e0
1.66656e0 3.4719742e0 2.49988e0 2.49988e0
1.66656e0 5.7287857e0 2.91654e0 2.91654e0
1.66656e0 8.332806e0 3.3332e0 3.3332e0
1.66656e0 1.1284024e1 3.7498601e0 3.7498601e0
1.66656e0 1.458247e1 4.1665201e0 4.1665201e0
1.66656e0 1.8228116e1 4.5831801e0 4.5831801e0
1.66656e0 2.2220975e1 4.9998401e0 4.9998401e0

2.08322e0 2.0660194e1 -5.0e0 -5.0e0
2.08322e0 1.6667198e1 -4.58334e0 -4.58334e0
2.08322e0 1.3021416e1 -4.16668e0 -4.16668e0
2.08322e0 9.722847e0 -3.75002e0 -3.75002e0
2.08322e0 6.771492e0 -3.33336e0 -3.33336e0
2.08322e0 4.167337e0 -2.9167e0 -2.9167e0
2.08322e0 1.9103928e0 -2.50004e0 -2.50004e0
2.08322e0 6.668e-4 -2.08338e0 -2.08338e0
2.08322e0 -1.5618484e0 -1.66672e0 -1.66672e0
2.08322e0 -2.777156e0 -1.25006e0 -1.25006e0
2.08322e0 -3.6452501e0 -8.334e-1 -8.334e-1
2.08322e0 -4.1661334e0 -4.1674e-1 -4.1674e-1
2.08322e0 -4.3398056e0 -8.0e-5 -8.0e-5
2.08322e0 -4.1662666e0 4.1658e-1 4.1658e-1
2.08322e0 -3.6455167e0 8.3324e-1 8.3324e-1
2.08322e0 -2.7775574e0 1.2499e0 1.2499e0
2.08322e0 -1.5623825e0 1.66656e0 1.66656e0
2.08322e0 0.0e0 2.08322e0 2.08322e0
2.08322e0 1.9095917e0 2.49988e0 2.49988e0
2.08322e0 4.1664032e0 2.91654e0 2.91654e0
2.08322e0 6.770424e0 3.3332e0 3.3332e0
2.08322e0 9.721642e0 3.7498601e0 3.7498601e0
2.08322e0 1.3020088e1 4.1665201e0 4.1665201e0
2.08322e0 1.6665733e1 4.5831801e0 4.5831801e0
2.08322e0 2.0658592e1 4.9998401e0 4.9998401e0

2.49988e0 1.8750603e1 -5.0e0 -5.0e0
2.49988e0 1.4757607e1 -4.58334e0 -4.58334e0
2.49988e0 1.1111824e1 -4.16668e0 -4.16668e0
2.49988e0 7.813255e0 -3.75002e0 -3.75002e0
2.49988e0 4.8619e0 -3.33336e0 -3.33336e0
2.49988e0 2.2577454e0 -2.9167e0 -2.9167e0
2.49988e0 8.011e-4 -2.50004e0 -2.50004e0
2.49988e0 -1.9089249e0 -2.08338e0 -2.08338e0
2.49988e0 -3.4714401e0 -1.66672e0 -1.66672e0
2.49988e0 -4.6867477e0 -1.25006e0 -1.25006e0
2.49988e0 -5.5548418e0 -8.334e-1 -8.334e-1
2.49988e0 -6.0757251e0 -4.1674e-1 -4.1674e-1
2.49988e0 -6.2493973e0 -8.0e-5 -8.0e-5
2.49988e0 -6.0758583e0 4.1658e-1 4.1658e-1
2.49988e0 -5.5551083e0 8.3324e-1 8.3324e-1
2.49988e0 -4.687149e0 1.2499e0 1.2499e0
2.49988e0 -3.4719742e0 1.66656e0 1.66656e0
2.49988e0 -1.9095917e0 2.08322e0 2.08322e0
2.49988e0 0.0e0 2.49988e0 2.49988e0
2.49988e0 2.2568115e0 2.91654e0 2.91654e0
2.49988e0 4.860832e0 3.3332e0 3.3332e0
2.49988e0 7.81205e0 3.7498601e0 3.7498601e0
2.49988e0 1.1110497e1 4.1665201e0 4.1665201e0
2.49988e0 1.4756142e1 4.5831801e0 4.5831801e0
2.49988e0 1.8749e1 4.9998401e0 4.9998401e0

2.91654e0 1.6493791e1 -5.0e0 -5.0e0
2.91654e0 1.2500795e1 -4.58334e0 -4.58334e0
2.91654e0 8.855013e0 -4.16668e0 -4.16668e0
2.91654e0 5.556444e0 -3.75002e0 -3.75002e0
2.91654e0 2.605089e0 -3.33336e0 -3.33336e0
2.91654e0 9.338e-4 -2.9167e0 -2.9167e0
2.91654e0 -2.2560104e0 -2.50004e0 -2.50004e0
2.91654e0 -4.1657364e0 -2.08338e0 -2.08338e0
2.91654e0 -5.7282516e0 -1.66672e0 -1.66672e0
2.91654e0 -6.9435593e0 -1.25006e0 -1.25006e0
2.91654e0 -7.8116533e0 -8.334e-1 -8.334e-1
2.91654e0 -8.3325366e0 -4.1674e-1 -4.1674e-1
2.91654e0 -8.5062088e0 -8.0e-5 -8.0e-5
2.91654e0 -8.3326698e0 4.1658e-1 4.1658e-1
2.91654e0 -7.8119199e0 8.3324e-1 8.3324e-1
2.91654e0 -6.9439606e0 1.2499e0 1.2499e0
2.91654e0 -5.7287857e0 1.66656e0 1.66656e0
2.91654e0 -4.1664032e0 2.08322e0 2.08322e0
2.91654e0 -2.2568115e0 2.49988e0 2.49988e0
2.91654e0 0.0e0 2.91654e0 2.91654e0
2.91654e0 2.60402e0 3.3332e0 3.3332e0
2.91654e0 5.555238e0 3.7498601e0 3.7498601e0
2.91654e0 8.853685e0 4.1665201e0 4.1665201e0
2.91654e0 1.249933e1 4.5831801e0 4.5831801e0
2.91654e0 1.6492189e1 4.9998401e0 4.9998401e0

3.3332e0 1.388977e1 -5.0e0 -5.0e0
3.3332e0 9.896774e0 -4.58334e0 -4.58334e0
3.3332e0 6.250992e0 -4.16668e0 -4.16668e0
3.3332e0 2.952423e0 -3.75002e0 -3.75002e0
3.3332e0 1.068e-3 -3.33336e0 -3.33336e0
3.3332e0 -2.603087e0 -2.9167e0 -2.9167e0
3.3332e0 -4.860031e0 -2.50004e0 -2.50004e0
3.3332e0 -6.769757e0 -2.08338e0 -2.08338e0
3.3332e0 -8.332272e0 -1.66672e0 -1.66672e0
3.3332e0 -9.54758e0 -1.25006e0 -1.25006e0
3.3332e0 -1.0415675e1 -8.334e-1 -8.334e-1
3.3332e0 -1.0936559e1 -4.1674e-1 -4.1674e-1
3.3332e0 -1.111023e1 -8.0e-5 -8.0e-5
3.3332e0 -1.0936691e1 4.1658e-1 4.1658e-1
3.3332e0 -1.0415941e1 8.3324e-1 8.3324e-1
3.3332e0 -9.547981e0 1.2499e0 1.2499e0
3.3332e0 -8.332806e0 1.66656e0 1.66656e0
3.3332e0 -6.770424e0 2.08322e0 2.08322e0
3.3332e0 -4.860832e0 2.49988e0 2.49988e0
3.3332e0 -2.60402e0 2.91654e0 2.91654e0
3.3332e0 0.0e0 3.3332e0 3.3332e0
3.3332e0 2.951218e0 3.7498601e0 3.7498601e0
3.3332e0 6.249664e0 4.1665201e0 4.1665201e0
3.3332e0 9.89531e0 4.5831801e0 4.5831801e0
3.3332e0 1.3888168e1 4.9998401e0 4.9998401e0

3.7498601e0 1.0938553e1 -5.0e0 -5.0e0
3.7498601e0 6.945557e0 -4.58334e0 -4.58334e0
3.7498601e0 3.299774e0 -4.16668e0 -4.16668e0
3.7498601e0 1.205e-3 -3.75002e0 -3.75002e0
3.7498601e0 -2.95015e0 -3.33336e0 -3.33336e0
3.7498601e0 -5.554305e0 -2.9167e0 -2.9167e0
3.7498601e0 -7.811249e0 -2.50004e0 -2.50004e0
3.7498601e0 -9.720975e0 -2.08338e0 -2.08338e0
3.7498601e0 -1.128349e1 -1.66672e0 -1.66672e0
3.7498601e0 -1.2498798e1 -1.25006e0 -1.25006e0
3.7498601e0 -1.3366893e1 -8.334e-1 -8.334e-1
3.7498601e0 -1.3887776e1 -4.1674e-1 -4.1674e-1
3.7498601e0 -1.4061447e1 -8.0e-5 -8.0e-5
3.7498601e0 -1.3887909e1 4.1658e-1 4.1658e-1
3.7498601e0 -1.3367159e1 8.3324e-1 8.3324e-1
3.7498601e0 -1.2499199e1 1.2499e0 1.2499e0
3.7498601e0 -1.1284024e1 1.66656e0 1.66656e0
3.7498601e0 -9.721642e0 2.08322e0 2.08322e0
3.7498601e0 -7.81205e0 2.49988e0 2.49988e0
3.7498601e0 -5.555238e0 2.91654e0 2.91654e0
3.7498601e0 -2.951218e0 3.3332e0 3.3332e0
3.7498601e0 0.0e0 3.7498601e0 3.7498601e0
3.7498601e0 3.298447e0 4.1665201e0 4.1665201e0
3.7498601e0 6.944092e0 4.5831801e0 4.5831801e0
3.7498601e0 1.093695e1 4.9998401e0 4.9998401e0

4.1665201e0 7.640106e0 -5.0e0 -5.0e0
4.1665201e0 3.64711e0 -4.58334e0 -4.58334e0
4.1665201e0 1.328e-3 -4.16668e0 -4.16668e0
4.1665201e0 -3.297241e0 -3.75002e0 -3.75002e0
4.1665201e0 -6.248596e0 -3.33336e0 -3.33336e0
4.1665201e0 -8.852751e0 -2.9167e0 -2.9167e0
4.1665201e0 -1.1109695e1 -2.50004e0 -2.50004e0
4.1665201e0 -1.3019421e1 -2.08338e0 -2.08338e0
4.1665201e0 -1.4581937e1 -1.66672e0 -1.66672e0
4.1665201e0 -1.5797244e1 -1.25006e0 -1.25006e0
4.1665201e0 -1.666534e1 -8.334e-1 -8.334e-1
4.1665201e0 -1.7186223e1 -4.1674e-1 -4.1674e-1
4.1665201e0 -1.7359894e1 -8.0e-5 -8.0e-5
4.1665201e0 -1.7186356e1 4.1658e-1 4.1658e-1
4.1665201e0 -1.6665605e1 8.3324e-1 8.3324e-1
4.1665201e0 -1.5797646e1 1.2499e0 1.2499e0
4.1665201e0 -1.458247e1 1.66656e0 1.66656e0
4.1665201e0 -1.3020088e1 2.08322e0 2.08322e0
4.1665201e0 -1.1110497e1 2.49988e0 2.49988e0
4.1665201e0 -8.853685e0 2.91654e0 2.91654e0
4.1665201e0 -6.249664e0 3.3332e0 3.3332e0
4.1665201e0 -3.298447e0 3.7498601e0 3.7498601e0
4.1665201e0 0.0e0 4.1665201e0 4.1665201e0
4.1665201e0 3.645645e0 4.5831801e0 4.5831801e0
4.1665201e0 7.638504e0 4.9998401e0 4.9998401e0

4.5831801e0 3.994461e0 -5.0e0 -5.0e0
4.5831801e0 1.465e-3 -4.58334e0 -4.58334e0
4.5831801e0 -3.644318e0 -4.16668e0 -4.16668e0
4.5831801e0 -6.942886e0 -3.75002e0 -3.75002e0
4.5831801e0 -9.894241e0 -3.33336e0 -3.33336e0
4.5831801e0 -1.2498396e1 -2.9167e0 -2.9167e0
4.5831801e0 -1.475534e1 -2.50004e0 -2.50004e0
4.5831801e0 -1.6665067e1 -2.08338e0 -2.08338e0
4.5831801e0 -1.8227582e1 -1.66672e0 -1.66672e0
4.5831801e0 -1.944289e1 -1.25006e0 -1.25006e0
4.5831801e0 -2.0310985e1 -8.334e-1 -8.334e-1
4.5831801e0 -2.0831868e1 -4.1674e-1 -4.1674e-1
4.5831801e0 -2.1005539e1 -8.0e-5 -8.0e-5
4.5831801e0 -2.0832e1 4.1658e-1 4.1658e-1
4.5831801e0 -2.031125e1 8.3324e-1 8.3324e-1
4.5831801e0 -1.944329e1 1.2499e0 1.2499e0
4.5831801e0 -1.8228116e1 1.66656e0 1.66656e0
4.5831801e0 -1.6665733e1 2.08322e0 2.08322e0
4.5831801e0 -1.4756142e1 2.49988e0 2.49988e0
4.5831801e0 -1.249933e1 2.91654e0 2.91654e0
4.5831801e0 -9.89531e0 3.3332e0 3.3332e0
4.5831801e0 -6.944092e0 3.7498601e0 3.7498601e0
4.5831801e0 -3.645645e0 4.1665201e0 4.1665201e0
4.5831801e0 0.0e0 4.5831801e0 4.5831801e0
4.5831801e0 3.992859e0 4.9998401e0 4.9998401e0

4.9998401e0 1.602e-3 -5.0e0 -5.0e0
4.9998401e0 -3.991394e0 -4.58334e0 -4.58334e0
4.9998401e0 -7.637177e0 -4.16668e0 -4.16668e0
4.9998401e0 -1.0935745e1 -3.75002e0 -3.75002e0
4.9998401e0 -1.38871e1 -3.33336e0 -3.33336e0
4.9998401e0 -1.6491255e1 -2.9167e0 -2.9167e0
4.9998401e0 -1.87482e1 -2.50004e0 -2.50004e0
4.9998401e0 -2.0657925e1 -2.08338e0 -2.08338e0
4.9998401e0 -2.222044e1 -1.66672e0 -1.66672e0
4.9998401e0 -2.3435748e1 -1.25006e0 -1.25006e0
4.9998401e0 -2.4303844e1 -8.334e-1 -8.334e-1
4.9998401e0 -2.4824727e1 -4.1674e-1 -4.1674e-1
4.9998401e0 -2.4998398e1 -8.0e-5 -8.0e-5
4.9998401e0 -2.482486e1 4.1658e-1 4.1658e-1
4.9998401e0 -2.4304109e1 8.3324e-1 8.3324e-1
4.9998401e0 -2.343615e1 1.2499e0 1.2499e0
4.9998401e0 -2.2220975e1 1.66656e0 1.66656e0
4.9998401e0 -2.0658592e1 2.08322e0 2.08322e0
4.9998401e0 -1.8749e1 2.49988e0 2.49988e0
4.9998401e0 -1.6492189e1 2.91654e0 2.91654e0
4.9998401e0 -1.3888168e1 3.3332e0 3.3332e0
4.9998401e0 -1.093695e1 3.7498601e0 3.7498601e0
4.9998401e0 -7.638504e0 4.1665201e0 4.1665201e0
4.9998401e0 -3.992859e0 4.5831801e0 4.5831801e0
4.9998401e0 0.0e0 4.9998401e0 4.9998401e0
