-2.0e0 -2.0e0 -6.7090363e-4 -6.7090363e-4
-1.833334e0 -2.0e0 -1.16502808e-3 -1.16502808e-3
-1.6666681e0 -2.0e0 -1.8978853e-3 -1.8978853e-3
-1.5000021e0 -2.0e0 -2.8955779e-3 -2.8955779e-3
-1.3333362e0 -2.0e0 -4.1272417e-3 -4.1272417e-3
-1.1666702e0 -2.0e0 -5.4781322e-3 -5.4781322e-3
-1.0000043e0 -2.0e0 -6.7376651e-3 -6.7376651e-3
-8.333383e-1 -2.0e0 -7.62133388e-3 -7.62133388e-3
-6.666724e-1 -2.0e0 -7.8287411e-3 -7.8287411e-3
-5.000064e-1 -2.0e0 -7.1319502e-3 -7.1319502e-3
-3.333405e-1 -2.0e0 -5.4630327e-3 -5.4630327e-3
-1.666745e-1 -2.0e0 -2.9689632e-3 -2.9689632e-3
-8.5e-6 -2.0e0 -1.55675964e-7 -1.55675964e-7
1.666574e-1 -2.0e0 2.9687248e-3 2.9687248e-3
3.333234e-1 -2.0e0 5.462834e-3 5.462834e-3
4.999893e-1 -2.0e0 7.1317293e-3 7.1317293e-3
6.666553e-1 -2.0e0 7.8287846e-3 7.8287846e-3
8.333212e-1 -2.0e0 7.6214268e-3 7.6214268e-3
9.999872e-1 -2.0e0 6.73786987e-3 6.73786987e-3
1.1666531e0 -2.0e0 5.4781958e-3 5.4781958e-3
1.3333191e0 -2.0e0 4.1273749e-3 4.1273749e-3
1.499985e0 -2.0e0 2.8956369e-3 2.8956369e-3
1.666651e0 -2.0e0 1.8979967e-3 1.8979967e-3
1.833317e0 -2.0e0 1.16508511e-3 1.16508511e-3
1.9999829e0 -2.0e0 6.7093796e-4 6.7093796e-4

-2.0e0 -1.833334e0 -1.27093903e-3 -1.27093903e-3
-1.833334e0 -1.833334e0 -2.2069612e-3 -2.2069612e-3
-1.6666681e0 -1.833334e0 -3.5953387e-3 -3.5953387e-3
-1.5000021e0 -1.833334e0 -5.4852937e-3 -5.4852937e-3
-1.3333362e0 -1.833334e0 -7.8186224e-3 -7.8186224e-3
-1.1666702e0 -1.833334e0 -1.03776451e-2 -1.03776451e-2
-1.0000043e0 -1.833334e0 -1.2763379e-2 -1.2763379e-2
-8.333383e-1 -1.833334e0 -1.44374565e-2 -1.44374565e-2
-6.666724e-1 -1.833334e0 -1.48305913e-2 -1.48305913e-2
-5.000064e-1 -1.833334e0 -1.35105948e-2 -1.35105948e-2
-3.333405e-1 -1.833334e0 -1.03491336e-2 -1.03491336e-2
-1.666745e-1 -1.833334e0 -5.6243462e-3 -5.6243462e-3
-8.5e-6 -1.833334e0 -2.94911324e-7 -2.94911324e-7
1.666574e-1 -1.833334e0 5.6239017e-3 5.6239017e-3
3.333234e-1 -1.833334e0 1.03487097e-2 1.03487097e-2
4.999893e-1 -1.833334e0 1.35103314e-2 1.35103314e-2
6.666553e-1 -1.833334e0 1.4830669e-2 1.4830669e-2
8.333212e-1 -1.833334e0 1.44375801e-2 1.44375801e-2
9.999872e-1 -1.833334e0 1.2763798e-2 1.2763798e-2
1.1666531e0 -1.833334e0 1.03778163e-2 1.03778163e-2
1.3333191e0 -1.833334e0 7.8188577e-3 7.8188577e-3
1.499985e0 -1.833334e0 5.485459e-3 5.485459e-3
1.666651e0 -1.833334e0 3.5955281e-3 3.5955281e-3
1.833317e0 -1.833334e0 2.2070557e-3 2.2070557e-3
1.9999829e0 -1.833334e0 1.2710022e-3 1.2710022e-3

-2.0e0 -1.6666681e0 -2.2774597e-3 -2.2774597e-3
-1.833334e0 -1.6666681e0 -3.95487e-3 -3.95487e-3
-1.6666681e0 -1.6666681e0 -6.442861e-3 -6.442861e-3
-1.5000021e0 -1.6666681e0 -9.8296196e-3 -9.8296196e-3
-1.3333362e0 -1.6666681e0 -1.4010768e-2 -1.4010768e-2
-1.1666702e0 -1.6666681e0 -1.8596317e-2 -1.8596317e-2
-1.0000043e0 -1.6666681e0 -2.2872327e-2 -2.2872327e-2
-8.333383e-1 -1.6666681e0 -2.58720038e-2 -2.58720038e-2
-6.666724e-1 -1.6666681e0 -2.65764192e-2 -2.65764192e-2
-5.000064e-1 -1.6666681e0 -2.42109273e-2 -2.42109273e-2
-3.333405e-1 -1.6666681e0 -1.85456587e-2 -1.85456587e-2
-1.666745e-1 -1.6666681e0 -1.00788834e-2 -1.00788834e-2
-8.5e-6 -1.6666681e0 -5.28478577e-7 -5.28478577e-7
1.666574e-1 -1.6666681e0 1.00779645e-2 1.00779645e-2
3.333234e-1 -1.6666681e0 1.85450029e-2 1.85450029e-2
4.999893e-1 -1.6666681e0 2.42105423e-2 2.42105423e-2
6.666553e-1 -1.6666681e0 2.65764195e-2 2.65764195e-2
8.333212e-1 -1.6666681e0 2.58721725e-2 2.58721725e-2
9.999872e-1 -1.6666681e0 2.28729214e-2 2.28729214e-2
1.1666531e0 -1.6666681e0 1.8596689e-2 1.8596689e-2
1.3333191e0 -1.6666681e0 1.4011101e-2 1.4011101e-2
1.499985e0 -1.6666681e0 9.8300063e-3 9.8300063e-3
1.666651e0 -1.6666681e0 6.4432048e-3 6.4432048e-3
1.833317e0 -1.6666681e0 3.9550854e-3 3.9550854e-3
1.9999829e0 -1.6666681e0 2.2775992e-3 2.2775992e-3

-2.0e0 -1.5000021e0 -3.8607666e-3 -3.8607666e-3
-1.833334e0 -1.5000021e0 -6.7042448e-3 -6.7042448e-3
-1.6666681e0 -1.5000021e0 -1.09218018e-2 -1.09218018e-2
-1.5000021e0 -1.5000021e0 -1.6662477e-2 -1.6662477e-2
-1.3333362e0 -1.5000021e0 -2.3750635e-2 -2.3750635e-2
-1.1666702e0 -1.5000021e0 -3.1523808e-2 -3.1523808e-2
-1.0000043e0 -1.5000021e0 -3.8772546e-2 -3.8772546e-2
-8.333383e-1 -1.5000021e0 -4.38578749e-2 -4.38578749e-2
-6.666724e-1 -1.5000021e0 -4.50516849e-2 -4.50516849e-2
-5.000064e-1 -1.5000021e0 -4.10411525e-2 -4.10411525e-2
-3.333405e-1 -1.5000021e0 -3.14381969e-2 -3.14381969e-2
-1.666745e-1 -1.5000021e0 -1.7087466e-2 -1.7087466e-2
-8.5e-6 -1.5000021e0 -8.9607063e-7 -8.9607063e-7
1.666574e-1 -1.5000021e0 1.7085715e-2 1.7085715e-2
3.333234e-1 -1.5000021e0 3.14365851e-2 3.14365851e-2
4.999893e-1 -1.5000021e0 4.10404593e-2 4.10404593e-2
6.666553e-1 -1.5000021e0 4.5052117e-2 4.5052117e-2
8.333212e-1 -1.5000021e0 4.38584123e-2 4.38584123e-2
9.999872e-1 -1.5000021e0 3.87729405e-2 3.87729405e-2
1.1666531e0 -1.5000021e0 3.1525009e-2 3.1525009e-2
1.3333191e0 -1.5000021e0 2.3751476e-2 2.3751476e-2
1.499985e0 -1.5000021e0 1.6663297e-2 1.6663297e-2
1.666651e0 -1.5000021e0 1.09223914e-2 1.09223914e-2
1.833317e0 -1.5000021e0 6.7045947e-3 6.7045947e-3
1.9999829e0 -1.5000021e0 3.8609538e-3 3.8609538e-3

-2.0e0 -1.3333362e0 -6.1908508e-3 -6.1908508e-3
-1.833334e0 -1.3333362e0 -1.07505913e-2 -1.07505913e-2
-1.6666681e0 -1.3333362e0 -1.7513449e-2 -1.7513449e-2
-1.5000021e0 -1.3333362e0 -2.671944e-2 -2.671944e-2
-1.3333362e0 -1.3333362e0 -3.8085623e-2 -3.8085623e-2
-1.1666702e0 -1.3333362e0 -5.0550986e-2 -5.0550986e-2
-1.0000043e0 -1.3333362e0 -6.2173761e-2 -6.2173761e-2
-8.333383e-1 -1.3333362e0 -7.03279123e-2 -7.03279123e-2
-6.666724e-1 -1.3333362e0 -7.2213954e-2 -7.2213954e-2
-5.000064e-1 -1.3333362e0 -6.5810855e-2 -6.5810855e-2
-3.333405e-1 -1.3333362e0 -5.041108e-2 -5.041108e-2
-1.666745e-1 -1.3333362e0 -2.7391296e-2 -2.7391296e-2
-8.5e-6 -1.3333362e0 -1.43684059e-6 -1.43684059e-6
1.666574e-1 -1.3333362e0 2.7388487e-2 2.7388487e-2
3.333234e-1 -1.3333362e0 5.0408495e-2 5.0408495e-2
4.999893e-1 -1.3333362e0 6.5808606e-2 6.5808606e-2
6.666553e-1 -1.3333362e0 7.2212103e-2 7.2212103e-2
8.333212e-1 -1.3333362e0 7.032853e-2 7.032853e-2
9.999872e-1 -1.3333362e0 6.21754878e-2 6.21754878e-2
1.1666531e0 -1.3333362e0 5.055147e-2 5.055147e-2
1.3333191e0 -1.3333362e0 3.8086751e-2 3.8086751e-2
1.499985e0 -1.3333362e0 2.6720422e-2 2.6720422e-2
1.666651e0 -1.3333362e0 1.7514375e-2 1.7514375e-2
1.833317e0 -1.3333362e0 1.07511055e-2 1.07511055e-2
1.9999829e0 -1.3333362e0 6.1911894e-3 6.1911894e-3

-2.0e0 -1.1666702e0 -9.3910553e-3 -9.3910553e-3
-1.833334e0 -1.1666702e0 -1.63076874e-2 -1.63076874e-2
-1.6666681e0 -1.1666702e0 -2.6566118e-2 -2.6566118e-2
-1.5000021e0 -1.1666702e0 -4.0530528e-2 -4.0530528e-2
-1.3333362e0 -1.1666702e0 -5.7772488e-2 -5.7772488e-2
-1.1666702e0 -1.1666702e0 -7.6679817e-2 -7.6679817e-2
-1.0000043e0 -1.1666702e0 -9.4311511e-2 -9.4311511e-2
-8.333383e-1 -1.1666702e0 -1.06683987e-1 -1.06683987e-1
-6.666724e-1 -1.1666702e0 -1.09560974e-1 -1.09560974e-1
-5.000064e-1 -1.1666702e0 -9.982626e-2 -9.982626e-2
-3.333405e-1 -1.1666702e0 -7.6484991e-2 -7.6484991e-2
-1.666745e-1 -1.1666702e0 -4.156196e-2 -4.156196e-2
-8.5e-6 -1.1666702e0 -2.17897453e-6 -2.17897453e-6
1.666574e-1 -1.1666702e0 4.1557698e-2 4.1557698e-2
3.333234e-1 -1.1666702e0 7.648107e-2 7.648107e-2
4.999893e-1 -1.1666702e0 9.9822849e-2 9.9822849e-2
6.666553e-1 -1.1666702e0 1.09558165e-1 1.09558165e-1
8.333212e-1 -1.1666702e0 1.066818e-1 1.066818e-1
9.999872e-1 -1.1666702e0 9.43126491e-2 9.43126491e-2
1.1666531e0 -1.1666702e0 7.6682239e-2 7.6682239e-2
1.3333191e0 -1.1666702e0 5.7774223e-2 5.7774223e-2
1.499985e0 -1.1666702e0 4.0532614e-2 4.0532614e-2
1.666651e0 -1.1666702e0 2.6567377e-2 2.6567377e-2
1.833317e0 -1.1666702e0 1.63085257e-2 1.63085257e-2
1.9999829e0 -1.1666702e0 9.391544e-3 9.391544e-3

-2.0e0 -1.0000043e0 -1.34752686e-2 -1.34752686e-2
-1.833334e0 -1.0000043e0 -2.3399434e-2 -2.3399434e-2
-1.6666681e0 -1.0000043e0 -3.8120418e-2 -3.8120418e-2
-1.5000021e0 -1.0000043e0 -5.8158612e-2 -5.8158612e-2
-1.3333362e0 -1.0000043e0 -8.2898126e-2 -8.2898126e-2
-1.1666702e0 -1.0000043e0 -1.1002993e-1 -1.1002993e-1
-1.0000043e0 -1.0000043e0 -1.3533066e-1 -1.3533066e-1
-8.333383e-1 -1.0000043e0 -1.53109258e-1 -1.53109258e-1
-6.666724e-1 -1.0000043e0 -1.57241333e-1 -1.57241333e-1
-5.000064e-1 -1.0000043e0 -1.43281865e-1 -1.43281865e-1
-3.333405e-1 -1.0000043e0 -1.09729007e-1 -1.09729007e-1
-1.666745e-1 -1.0000043e0 -5.964946e-2 -5.964946e-2
-8.5e-6 -1.0000043e0 -3.12689522e-6 -3.12689522e-6
1.666574e-1 -1.0000043e0 5.9643344e-2 5.9643344e-2
3.333234e-1 -1.0000043e0 1.0975339e-1 1.0975339e-1
4.999893e-1 -1.0000043e0 1.43276968e-1 1.43276968e-1
6.666553e-1 -1.0000043e0 1.57237302e-1 1.57237302e-1
8.333212e-1 -1.0000043e0 1.53106117e-1 1.53106117e-1
9.999872e-1 -1.0000043e0 1.35328313e-1 1.35328313e-1
1.1666531e0 -1.0000043e0 1.10033492e-1 1.10033492e-1
1.3333191e0 -1.0000043e0 8.2902353e-2 8.2902353e-2
1.499985e0 -1.0000043e0 5.816064e-2 5.816064e-2
1.666651e0 -1.0000043e0 3.812272e-2 3.812272e-2
1.833317e0 -1.0000043e0 2.3400731e-2 2.3400731e-2
1.9999829e0 -1.0000043e0 1.34762997e-2 1.34762997e-2

-2.0e0 -8.333383e-1 -1.82910919e-2 -1.82910919e-2
-1.833334e0 -8.333383e-1 -3.1762231e-2 -3.1762231e-2
-1.6666681e0 -8.333383e-1 -5.174376e-2 -5.174376e-2
-1.5000021e0 -8.333383e-1 -7.8943782e-2 -7.8943782e-2
-1.3333362e0 -8.333383e-1 -1.125242e-1 -1.125242e-1
-1.1666702e0 -8.333383e-1 -1.4935713e-1 -1.4935713e-1
-1.0000043e0 -8.333383e-1 -1.8373085e-1 -1.8373085e-1
-8.333383e-1 -8.333383e-1 -2.0780128e-1 -2.0780128e-1
-6.666724e-1 -8.333383e-1 -2.13455193e-1 -2.13455193e-1
-5.000064e-1 -8.333383e-1 -1.94497502e-1 -1.94497502e-1
-3.333405e-1 -8.333383e-1 -1.48969856e-1 -1.48969856e-1
-1.666745e-1 -8.333383e-1 -8.0957147e-2 -8.0957147e-2
-8.5e-6 -8.333383e-1 -4.24507011e-6 -4.24507011e-6
1.666574e-1 -8.333383e-1 8.0948846e-2 8.0948846e-2
3.333234e-1 -8.333383e-1 1.4896222e-1 1.4896222e-1
4.999893e-1 -8.333383e-1 1.94490855e-1 1.94490855e-1
6.666553e-1 -8.333383e-1 2.13449721e-1 2.13449721e-1
8.333212e-1 -8.333383e-1 2.0779702e-1 2.0779702e-1
9.999872e-1 -8.333383e-1 1.83727655e-1 1.83727655e-1
1.1666531e0 -8.333383e-1 1.49355e-1 1.49355e-1
1.3333191e0 -8.333383e-1 1.12528339e-1 1.12528339e-1
1.499985e0 -8.333383e-1 7.894624e-2 7.894624e-2
1.666651e0 -8.333383e-1 5.1746143e-2 5.1746143e-2
1.833317e0 -8.333383e-1 3.1763843e-2 3.1763843e-2
1.9999829e0 -8.333383e-1 1.82923512e-2 1.82923512e-2

-2.0e0 -6.666724e-1 -2.3486023e-2 -2.3486023e-2
-1.833334e0 -6.666724e-1 -4.07838e-2 -4.07838e-2
-1.6666681e0 -6.666724e-1 -6.6440561e-2 -6.6440561e-2
-1.5000021e0 -6.666724e-1 -1.01365527e-1 -1.01365527e-1
-1.3333362e0 -6.666724e-1 -1.4442694e-1 -1.4442694e-1
-1.1666702e0 -6.666724e-1 -1.9173065e-1 -1.9173065e-1
-1.0000043e0 -6.666724e-1 -2.3586105e-1 -2.3586105e-1
-8.333383e-1 -6.666724e-1 -2.66818306e-1 -2.66818306e-1
-6.666724e-1 -6.666724e-1 -2.74135643e-1 -2.74135643e-1
-5.000064e-1 -6.666724e-1 -2.49713206e-1 -2.49713206e-1
-3.333405e-1 -6.666724e-1 -1.91284094e-1 -1.91284094e-1
-1.666745e-1 -6.666724e-1 -1.03963219e-1 -1.03963219e-1
-8.5e-6 -6.666724e-1 -5.450625e-6 -5.450625e-6
1.666574e-1 -6.666724e-1 1.03952559e-1 1.03952559e-1
3.333234e-1 -6.666724e-1 1.91274287e-1 1.91274287e-1
4.999893e-1 -6.666724e-1 2.49704672e-1 2.49704672e-1
6.666553e-1 -6.666724e-1 2.74128615e-1 2.74128615e-1
8.333212e-1 -6.666724e-1 2.66812834e-1 2.66812834e-1
9.999872e-1 -6.666724e-1 2.35856961e-1 2.35856961e-1
1.1666531e0 -6.666724e-1 1.9172789e-1 1.9172789e-1
1.3333191e0 -6.666724e-1 1.4442513e-1 1.4442513e-1
1.499985e0 -6.666724e-1 1.01369589e-1 1.01369589e-1
1.666651e0 -6.666724e-1 6.6443494e-2 6.6443494e-2
1.833317e0 -6.666724e-1 4.0785832e-2 4.0785832e-2
1.9999829e0 -6.666724e-1 2.3487503e-2 2.3487503e-2

-2.0e0 -5.000064e-1 -2.8527435e-2 -2.8527435e-2
-1.833334e0 -5.000064e-1 -4.953824e-2 -4.953824e-2
-1.6666681e0 -5.000064e-1 -8.0702155e-2 -8.0702155e-2
-1.5000021e0 -5.000064e-1 -1.23122005e-1 -1.23122005e-1
-1.3333362e0 -5.000064e-1 -1.754937e-1 -1.754937e-1
-1.1666702e0 -5.000064e-1 -2.3292566e-1 -2.3292566e-1
-1.0000043e0 -5.000064e-1 -2.8656136e-1 -2.8656136e-1
-8.333383e-1 -5.000064e-1 -3.24160289e-1 -3.24160289e-1
-6.666724e-1 -5.000064e-1 -3.3294952e-1 -3.3294952e-1
-5.000064e-1 -5.000064e-1 -3.03323894e-1 -3.03323894e-1
-3.333405e-1 -5.000064e-1 -2.32361632e-1 -2.32361632e-1
-1.666745e-1 -5.000064e-1 -1.2626926e-1 -1.2626926e-1
-8.5e-6 -5.000064e-1 -6.62132957e-6 -6.62132957e-6
1.666574e-1 -5.000064e-1 1.26256313e-1 1.26256313e-1
3.333234e-1 -5.000064e-1 2.3234972e-1 2.3234972e-1
4.999893e-1 -5.000064e-1 3.03313527e-1 3.03313527e-1
6.666553e-1 -5.000064e-1 3.32940985e-1 3.32940985e-1
8.333212e-1 -5.000064e-1 3.2415364e-1 3.2415364e-1
9.999872e-1 -5.000064e-1 2.86556384e-1 2.86556384e-1
1.1666531e0 -5.000064e-1 2.329223e-1 2.329223e-1
1.3333191e0 -5.000064e-1 1.7549149e-1 1.7549149e-1
1.499985e0 -5.000064e-1 1.23128203e-1 1.23128203e-1
1.666651e0 -5.000064e-1 8.0706253e-2 8.0706253e-2
1.833317e0 -5.000064e-1 4.9540976e-2 4.9540976e-2
1.9999829e0 -5.000064e-1 2.8529057e-2 2.8529057e-2

-2.0e0 -3.333405e-1 -3.2777496e-2 -3.2777496e-2
-1.833334e0 -3.333405e-1 -5.691905e-2 -5.691905e-2
-1.6666681e0 -3.333405e-1 -9.2726425e-2 -9.2726425e-2
-1.5000021e0 -3.333405e-1 -1.41469008e-1 -1.41469008e-1
-1.3333362e0 -3.333405e-1 -2.016404e-1 -2.016404e-1
-1.1666702e0 -3.333405e-1 -2.6769257e-1 -2.6769257e-1
-1.0000043e0 -3.333405e-1 -3.2918149e-1 -3.2918149e-1
-8.333383e-1 -3.333405e-1 -3.72418913e-1 -3.72418913e-1
-6.666724e-1 -3.333405e-1 -3.82563286e-1 -3.82563286e-1
-5.000064e-1 -3.333405e-1 -3.4853947e-1 -3.4853947e-1
-3.333405e-1 -3.333405e-1 -2.6696905e-1 -2.6696905e-1
-1.666745e-1 -3.333405e-1 -1.45090157e-1 -1.45090157e-1
-8.5e-6 -3.333405e-1 -7.6075e-6 -7.6075e-6
1.666574e-1 -3.333405e-1 1.45075279e-1 1.45075279e-1
3.333234e-1 -3.333405e-1 2.66955363e-1 2.66955363e-1
4.999893e-1 -3.333405e-1 3.48527557e-1 3.48527557e-1
6.666553e-1 -3.333405e-1 3.82553479e-1 3.82553479e-1
8.333212e-1 -3.333405e-1 3.72411276e-1 3.72411276e-1
9.999872e-1 -3.333405e-1 3.29265799e-1 3.29265799e-1
1.1666531e0 -3.333405e-1 2.676887e-1 2.676887e-1
1.3333191e0 -3.333405e-1 2.0163785e-1 2.0163785e-1
1.499985e0 -3.333405e-1 1.41473604e-1 1.41473604e-1
1.666651e0 -3.333405e-1 9.2730824e-2 9.2730824e-2
1.833317e0 -3.333405e-1 5.6922333e-2 5.6922333e-2
1.9999829e0 -3.333405e-1 3.2779387e-2 3.2779387e-2

-2.0e0 -1.666745e-1 -3.5625885e-2 -3.5625885e-2
-1.833334e0 -1.666745e-1 -6.1864935e-2 -6.1864935e-2
-1.6666681e0 -1.666745e-1 -1.00784221e-1 -1.00784221e-1
-1.5000021e0 -1.666745e-1 -1.5378014e-1 -1.5378014e-1
-1.3333362e0 -1.666745e-1 -2.1912048e-1 -2.1912048e-1
-1.1666702e0 -1.666745e-1 -2.9092093e-1 -2.9092093e-1
-1.0000043e0 -1.666745e-1 -3.5788158e-1 -3.5788158e-1
-8.333383e-1 -1.666745e-1 -4.04769139e-1 -4.04769139e-1
-6.666724e-1 -1.666745e-1 -4.15836887e-1 -4.15836887e-1
-5.000064e-1 -1.666745e-1 -3.78794832e-1 -3.78794832e-1
-3.333405e-1 -1.666745e-1 -2.90172874e-1 -2.90172874e-1
-1.666745e-1 -1.666745e-1 -1.57694077e-1 -1.57694077e-1
-8.5e-6 -1.666745e-1 -8.2689698e-6 -8.2689698e-6
1.666574e-1 -1.666745e-1 1.57677907e-1 1.57677907e-1
3.333234e-1 -1.666745e-1 2.90157999e-1 2.90157999e-1
4.999893e-1 -1.666745e-1 3.78781885e-1 3.78781885e-1
6.666553e-1 -1.666745e-1 4.15826227e-1 4.15826227e-1
8.333212e-1 -1.666745e-1 4.04835732e-1 4.04835732e-1
9.999872e-1 -1.666745e-1 3.57875356e-1 3.57875356e-1
1.1666531e0 -1.666745e-1 2.9091675e-1 2.9091675e-1
1.3333191e0 -1.666745e-1 2.1911772e-1 2.1911772e-1
1.499985e0 -1.666745e-1 1.5377841e-1 1.5377841e-1
1.666651e0 -1.666745e-1 1.00789267e-1 1.00789267e-1
1.833317e0 -1.666745e-1 6.1867976e-2 6.1867976e-2
1.9999829e0 -1.666745e-1 3.562873e-2 3.562873e-2

-2.0e0 -8.5e-6 -3.6629639e-2 -3.6629639e-2
-1.833334e0 -8.5e-6 -6.3608359e-2 -6.3608359e-2
-1.6666681e0 -8.5e-6 -1.03623376e-1 -1.03623376e-1
-1.5000021e0 -8.5e-6 -1.5813026e-1 -1.5813026e-1
-1.3333362e0 -8.5e-6 -2.2538718e-1 -2.2538718e-1
-1.1666702e0 -8.5e-6 -2.9907584e-1 -2.9907584e-1
-1.0000043e0 -8.5e-6 -3.678717e-1 -3.678717e-1
-8.333383e-1 -8.5e-6 -4.16185834e-1 -4.16185834e-1
-6.666724e-1 -8.5e-6 -4.27503653e-1 -4.27503653e-1
-5.000064e-1 -8.5e-6 -3.89494966e-1 -3.89494966e-1
-3.333405e-1 -8.5e-6 -2.98339706e-1 -2.98339706e-1
-1.666745e-1 -8.5e-6 -1.62144283e-1 -1.62144283e-1
-8.5e-6 -8.5e-6 -8.5e-6 -8.5e-6
1.666574e-1 -8.5e-6 1.62127657e-1 1.62127657e-1
3.333234e-1 -8.5e-6 2.98324411e-1 2.98324411e-1
4.999893e-1 -8.5e-6 3.89481654e-1 3.89481654e-1
6.666553e-1 -8.5e-6 4.2755271e-1 4.2755271e-1
8.333212e-1 -8.5e-6 4.16177298e-1 4.16177298e-1
9.999872e-1 -8.5e-6 3.67975323e-1 3.67975323e-1
1.1666531e0 -8.5e-6 2.9907153e-1 2.9907153e-1
1.3333191e0 -8.5e-6 2.2538434e-1 2.2538434e-1
1.499985e0 -8.5e-6 1.581285e-1 1.581285e-1
1.666651e0 -8.5e-6 1.03628442e-1 1.03628442e-1
1.833317e0 -8.5e-6 6.3611917e-2 6.3611917e-2
1.9999829e0 -8.5e-6 3.6631467e-2 3.6631467e-2

-2.0e0 1.666574e-1 -3.5626678e-2 -3.5626678e-2
-1.833334e0 1.666574e-1 -6.186639e-2 -6.186639e-2
-1.6666681e0 1.666574e-1 -1.00785365e-1 -1.00785365e-1
-1.5000021e0 1.666574e-1 -1.5378014e-1 -1.5378014e-1
-1.3333362e0 1.666574e-1 -2.1912048e-1 -2.1912048e-1
-1.1666702e0 1.666574e-1 -2.9092093e-1 -2.9092093e-1
-1.0000043e0 1.666574e-1 -3.5788158e-1 -3.5788158e-1
-8.333383e-1 1.666574e-1 -4.04769139e-1 -4.04769139e-1
-6.666724e-1 1.666574e-1 -4.15836887e-1 -4.15836887e-1
-5.000064e-1 1.666574e-1 -3.78794832e-1 -3.78794832e-1
-3.333405e-1 1.666574e-1 -2.90172874e-1 -2.90172874e-1
-1.666745e-1 1.666574e-1 -1.57694077e-1 -1.57694077e-1
-8.5e-6 1.666574e-1 -8.2689698e-6 -8.2689698e-6
1.666574e-1 1.666574e-1 1.57677907e-1 1.57677907e-1
3.333234e-1 1.666574e-1 2.90157999e-1 2.90157999e-1
4.999893e-1 1.666574e-1 3.78781885e-1 3.78781885e-1
6.666553e-1 1.666574e-1 4.15826227e-1 4.15826227e-1
8.333212e-1 1.666574e-1 4.04835732e-1 4.04835732e-1
9.999872e-1 1.666574e-1 3.57875356e-1 3.57875356e-1
1.1666531e0 1.666574e-1 2.9091675e-1 2.9091675e-1
1.3333191e0 1.666574e-1 2.1911772e-1 2.1911772e-1
1.499985e0 1.666574e-1 1.5377841e-1 1.5377841e-1
1.666651e0 1.666574e-1 1.00790259e-1 1.00790259e-1
1.833317e0 1.666574e-1 6.1869516e-2 6.1869516e-2
1.9999829e0 1.666574e-1 3.562873e-2 3.562873e-2

-2.0e0 3.333234e-1 -3.2777985e-2 -3.2777985e-2
-1.833334e0 3.333234e-1 -5.6919638e-2 -5.6919638e-2
-1.6666681e0 3.333234e-1 -9.27279e-2 -9.27279e-2
-1.5000021e0 3.333234e-1 -1.41469008e-1 -1.41469008e-1
-1.3333362e0 3.333234e-1 -2.016404e-1 -2.016404e-1
-1.1666702e0 3.333234e-1 -2.6769257e-1 -2.6769257e-1
-1.0000043e0 3.333234e-1 -3.2927151e-1 -3.2927151e-1
-8.333383e-1 3.333234e-1 -3.72418913e-1 -3.72418913e-1
-6.666724e-1 3.333234e-1 -3.82563286e-1 -3.82563286e-1
-5.000064e-1 3.333234e-1 -3.4853947e-1 -3.4853947e-1
-3.333405e-1 3.333234e-1 -2.6696905e-1 -2.6696905e-1
-1.666745e-1 3.333234e-1 -1.45090157e-1 -1.45090157e-1
-8.5e-6 3.333234e-1 -7.6075e-6 -7.6075e-6
1.666574e-1 3.333234e-1 1.45075279e-1 1.45075279e-1
3.333234e-1 3.333234e-1 2.66955363e-1 2.66955363e-1
4.999893e-1 3.333234e-1 3.48527557e-1 3.48527557e-1
6.666553e-1 3.333234e-1 3.82553479e-1 3.82553479e-1
8.333212e-1 3.333234e-1 3.72411276e-1 3.72411276e-1
9.999872e-1 3.333234e-1 3.29265799e-1 3.29265799e-1
1.1666531e0 3.333234e-1 2.676887e-1 2.676887e-1
1.3333191e0 3.333234e-1 2.0163785e-1 2.0163785e-1
1.499985e0 3.333234e-1 1.41476305e-1 1.41476305e-1
1.666651e0 3.333234e-1 9.2732553e-2 9.2732553e-2
1.833317e0 3.333234e-1 5.6922585e-2 5.6922585e-2
1.9999829e0 3.333234e-1 3.27796e-2 3.27796e-2

-2.0e0 4.999893e-1 -2.8527527e-2 -2.8527527e-2
-1.833334e0 4.999893e-1 -4.9538968e-2 -4.9538968e-2
-1.6666681e0 4.999893e-1 -8.070363e-2 -8.070363e-2
-1.5000021e0 4.999893e-1 -1.23124133e-1 -1.23124133e-1
-1.3333362e0 4.999893e-1 -1.754937e-1 -1.754937e-1
-1.1666702e0 4.999893e-1 -2.3292566e-1 -2.3292566e-1
-1.0000043e0 4.999893e-1 -2.8656136e-1 -2.8656136e-1
-8.333383e-1 4.999893e-1 -3.24160289e-1 -3.24160289e-1
-6.666724e-1 4.999893e-1 -3.3294952e-1 -3.3294952e-1
-5.000064e-1 4.999893e-1 -3.03323894e-1 -3.03323894e-1
-3.333405e-1 4.999893e-1 -2.32361632e-1 -2.32361632e-1
-1.666745e-1 4.999893e-1 -1.2626926e-1 -1.2626926e-1
-8.5e-6 4.999893e-1 -6.62132957e-6 -6.62132957e-6
1.666574e-1 4.999893e-1 1.26256313e-1 1.26256313e-1
3.333234e-1 4.999893e-1 2.3234972e-1 2.3234972e-1
4.999893e-1 4.999893e-1 3.03313527e-1 3.03313527e-1
6.666553e-1 4.999893e-1 3.32940985e-1 3.32940985e-1
8.333212e-1 4.999893e-1 3.2415364e-1 3.2415364e-1
9.999872e-1 4.999893e-1 2.86556384e-1 2.86556384e-1
1.1666531e0 4.999893e-1 2.329223e-1 2.329223e-1
1.3333191e0 4.999893e-1 1.7549149e-1 1.7549149e-1
1.499985e0 4.999893e-1 1.23130583e-1 1.23130583e-1
1.666651e0 4.999893e-1 8.0708058e-2 8.0708058e-2
1.833317e0 4.999893e-1 4.9541591e-2 4.9541591e-2
1.9999829e0 4.999893e-1 2.852921e-2 2.852921e-2

-2.0e0 6.666553e-1 -2.3486755e-2 -2.3486755e-2
-1.833334e0 6.666553e-1 -4.0785059e-2 -4.0785059e-2
-1.6666681e0 6.666553e-1 -6.6442265e-2 -6.6442265e-2
-1.5000021e0 6.666553e-1 -1.01369098e-1 -1.01369098e-1
-1.3333362e0 6.666553e-1 -1.4442694e-1 -1.4442694e-1
-1.1666702e0 6.666553e-1 -1.9173065e-1 -1.9173065e-1
-1.0000043e0 6.666553e-1 -2.3586105e-1 -2.3586105e-1
-8.333383e-1 6.666553e-1 -2.66818306e-1 -2.66818306e-1
-6.666724e-1 6.666553e-1 -2.74135643e-1 -2.74135643e-1
-5.000064e-1 6.666553e-1 -2.49713206e-1 -2.49713206e-1
-3.333405e-1 6.666553e-1 -1.91284094e-1 -1.91284094e-1
-1.666745e-1 6.666553e-1 -1.03963219e-1 -1.03963219e-1
-8.5e-6 6.666553e-1 -5.45139023e-6 -5.45139023e-6
1.666574e-1 6.666553e-1 1.03952559e-1 1.03952559e-1
3.333234e-1 6.666553e-1 1.91274287e-1 1.91274287e-1
4.999893e-1 6.666553e-1 2.49704672e-1 2.49704672e-1
6.666553e-1 6.666553e-1 2.74128615e-1 2.74128615e-1
8.333212e-1 6.666553e-1 2.66812834e-1 2.66812834e-1
9.999872e-1 6.666553e-1 2.35856961e-1 2.35856961e-1
1.1666531e0 6.666553e-1 1.9172789e-1 1.9172789e-1
1.3333191e0 6.666553e-1 1.4442513e-1 1.4442513e-1
1.499985e0 6.666553e-1 1.01372496e-1 1.01372496e-1
1.666651e0 6.666553e-1 6.6445833e-2 6.6445833e-2
1.833317e0 6.666553e-1 4.0787175e-2 4.0787175e-2
1.9999829e0 6.666553e-1 2.3487991e-2 2.3487991e-2

-2.0e0 8.333212e-1 -1.829169e-2 -1.829169e-2
-1.833334e0 8.333212e-1 -3.1763155e-2 -3.1763155e-2
-1.6666681e0 8.333212e-1 -5.174516e-2 -5.174516e-2
-1.5000021e0 8.333212e-1 -7.8946368e-2 -7.8946368e-2
-1.3333362e0 8.333212e-1 -1.12527496e-1 -1.12527496e-1
-1.1666702e0 8.333212e-1 -1.4935713e-1 -1.4935713e-1
-1.0000043e0 8.333212e-1 -1.8373085e-1 -1.8373085e-1
-8.333383e-1 8.333212e-1 -2.0780128e-1 -2.0780128e-1
-6.666724e-1 8.333212e-1 -2.13455193e-1 -2.13455193e-1
-5.000064e-1 8.333212e-1 -1.94497502e-1 -1.94497502e-1
-3.333405e-1 8.333212e-1 -1.48969856e-1 -1.48969856e-1
-1.666745e-1 8.333212e-1 -8.0972127e-2 -8.0972127e-2
-8.5e-6 8.333212e-1 -4.24507011e-6 -4.24507011e-6
1.666574e-1 8.333212e-1 8.0963824e-2 8.0963824e-2
3.333234e-1 8.333212e-1 1.4896222e-1 1.4896222e-1
4.999893e-1 8.333212e-1 1.94490855e-1 1.94490855e-1
6.666553e-1 8.333212e-1 2.13449721e-1 2.13449721e-1
8.333212e-1 8.333212e-1 2.0779702e-1 2.0779702e-1
9.999872e-1 8.333212e-1 1.83727655e-1 1.83727655e-1
1.1666531e0 8.333212e-1 1.49355e-1 1.49355e-1
1.3333191e0 8.333212e-1 1.12531715e-1 1.12531715e-1
1.499985e0 8.333212e-1 7.8948575e-2 7.8948575e-2
1.666651e0 8.333212e-1 5.1747745e-2 5.1747745e-2
1.833317e0 8.333212e-1 3.1765158e-2 3.1765158e-2
1.9999829e0 8.333212e-1 1.82928883e-2 1.82928883e-2

-2.0e0 9.999872e-1 -1.34759125e-2 -1.34759125e-2
-1.833334e0 9.999872e-1 -2.3400609e-2 -2.3400609e-2
-1.6666681e0 9.999872e-1 -3.812207e-2 -3.812207e-2
-1.5000021e0 9.999872e-1 -5.8160214e-2 -5.8160214e-2
-1.3333362e0 9.999872e-1 -8.290187e-2 -8.290187e-2
-1.1666702e0 9.999872e-1 -1.1003317e-1 -1.1003317e-1
-1.0000043e0 9.999872e-1 -1.3533066e-1 -1.3533066e-1
-8.333383e-1 9.999872e-1 -1.53109258e-1 -1.53109258e-1
-6.666724e-1 9.999872e-1 -1.57241333e-1 -1.57241333e-1
-5.000064e-1 9.999872e-1 -1.43281865e-1 -1.43281865e-1
-3.333405e-1 9.999872e-1 -1.09759016e-1 -1.09759016e-1
-1.666745e-1 9.999872e-1 -5.964946e-2 -5.964946e-2
-8.5e-6 9.999872e-1 -3.12783035e-6 -3.12783035e-6
1.666574e-1 9.999872e-1 5.9643344e-2 5.9643344e-2
3.333234e-1 9.999872e-1 1.0975339e-1 1.0975339e-1
4.999893e-1 9.999872e-1 1.43276968e-1 1.43276968e-1
6.666553e-1 9.999872e-1 1.57237302e-1 1.57237302e-1
8.333212e-1 9.999872e-1 1.53106117e-1 1.53106117e-1
9.999872e-1 9.999872e-1 1.35328313e-1 1.35328313e-1
1.1666531e0 9.999872e-1 1.10036998e-1 1.10036998e-1
1.3333191e0 9.999872e-1 8.290457e-2 8.290457e-2
1.499985e0 9.999872e-1 5.8162929e-2 5.8162929e-2
1.666651e0 9.999872e-1 3.8123889e-2 3.8123889e-2
1.833317e0 9.999872e-1 2.3401906e-2 2.3401906e-2
1.9999829e0 9.999872e-1 1.34765988e-2 1.34765988e-2

-2.0e0 1.1666531e0 -9.3912994e-3 -9.3912994e-3
-1.833334e0 1.1666531e0 -1.63081909e-2 -1.63081909e-2
-1.6666681e0 1.1666531e0 -2.6567033e-2 -2.6567033e-2
-1.5000021e0 1.1666531e0 -4.0532657e-2 -4.0532657e-2
-1.3333362e0 1.1666531e0 -5.7773872e-2 -5.7773872e-2
-1.1666702e0 1.1666531e0 -7.6683342e-2 -7.6683342e-2
-1.0000043e0 1.1666531e0 -9.4315921e-2 -9.4315921e-2
-8.333383e-1 1.1666531e0 -1.06683987e-1 -1.06683987e-1
-6.666724e-1 1.1666531e0 -1.09560974e-1 -1.09560974e-1
-5.000064e-1 1.1666531e0 -9.982626e-2 -9.982626e-2
-3.333405e-1 1.1666531e0 -7.6484991e-2 -7.6484991e-2
-1.666745e-1 1.1666531e0 -4.156196e-2 -4.156196e-2
-8.5e-6 1.1666531e0 -2.17897453e-6 -2.17897453e-6
1.666574e-1 1.1666531e0 4.1557698e-2 4.1557698e-2
3.333234e-1 1.1666531e0 7.648107e-2 7.648107e-2
4.999893e-1 1.1666531e0 9.9822849e-2 9.9822849e-2
6.666553e-1 1.1666531e0 1.09558165e-1 1.09558165e-1
8.333212e-1 1.1666531e0 1.066818e-1 1.066818e-1
9.999872e-1 1.1666531e0 9.43172878e-2 9.43172878e-2
1.1666531e0 1.1666531e0 7.6684445e-2 7.6684445e-2
1.3333191e0 1.1666531e0 5.777581e-2 5.777581e-2
1.499985e0 1.1666531e0 4.0533965e-2 4.0533965e-2
1.666651e0 1.1666531e0 2.6568114e-2 2.6568114e-2
1.833317e0 1.1666531e0 1.63090096e-2 1.63090096e-2
1.9999829e0 1.1666531e0 9.3919621e-3 9.3919621e-3

-2.0e0 1.3333191e0 -6.1911285e-3 -6.1911285e-3
-1.833334e0 1.3333191e0 -1.07510501e-2 -1.07510501e-2
-1.6666681e0 1.3333191e0 -1.7514084e-2 -1.7514084e-2
-1.5000021e0 1.3333191e0 -2.6720721e-2 -2.6720721e-2
-1.3333362e0 1.3333191e0 -3.808723e-2 -3.808723e-2
-1.1666702e0 1.3333191e0 -5.055314e-2 -5.055314e-2
-1.0000043e0 1.3333191e0 -6.2177713e-2 -6.2177713e-2
-8.333383e-1 1.3333191e0 -7.03313837e-2 -7.03313837e-2
-6.666724e-1 1.3333191e0 -7.2213954e-2 -7.2213954e-2
-5.000064e-1 1.3333191e0 -6.5810855e-2 -6.5810855e-2
-3.333405e-1 1.3333191e0 -5.041108e-2 -5.041108e-2
-1.666745e-1 1.3333191e0 -2.7391296e-2 -2.7391296e-2
-8.5e-6 1.3333191e0 -1.43684059e-6 -1.43684059e-6
1.666574e-1 1.3333191e0 2.7388487e-2 2.7388487e-2
3.333234e-1 1.3333191e0 5.0408495e-2 5.0408495e-2
4.999893e-1 1.3333191e0 6.5808606e-2 6.5808606e-2
6.666553e-1 1.3333191e0 7.2212103e-2 7.2212103e-2
8.333212e-1 1.3333191e0 7.03320522e-2 7.03320522e-2
9.999872e-1 1.3333191e0 6.21782953e-2 6.21782953e-2
1.1666531e0 1.3333191e0 5.0553801e-2 5.0553801e-2
1.3333191e0 1.3333191e0 3.8088785e-2 3.8088785e-2
1.499985e0 1.3333191e0 2.6721635e-2 2.6721635e-2
1.666651e0 1.3333191e0 1.7515112e-2 1.7515112e-2
1.833317e0 1.3333191e0 1.07516734e-2 1.07516734e-2
1.9999829e0 1.3333191e0 6.19158e-3 6.19158e-3

-2.0e0 1.499985e0 -3.8608887e-3 -3.8608887e-3
-1.833334e0 1.499985e0 -6.7045218e-3 -6.7045218e-3
-1.6666681e0 1.499985e0 -1.09223537e-2 -1.09223537e-2
-1.5000021e0 1.499985e0 -1.6663484e-2 -1.6663484e-2
-1.3333362e0 1.499985e0 -2.3751775e-2 -2.3751775e-2
-1.1666702e0 1.499985e0 -3.1525784e-2 -3.1525784e-2
-1.0000043e0 1.499985e0 -3.8774332e-2 -3.8774332e-2
-8.333383e-1 1.499985e0 -4.38597313e-2 -4.38597313e-2
-6.666724e-1 1.499985e0 -4.50539941e-2 -4.50539941e-2
-5.000064e-1 1.499985e0 -4.10436778e-2 -4.10436778e-2
-3.333405e-1 1.499985e0 -3.14395703e-2 -3.14395703e-2
-1.666745e-1 1.499985e0 -1.7087466e-2 -1.7087466e-2
-8.5e-6 1.499985e0 -8.9607063e-7 -8.9607063e-7
1.666574e-1 1.499985e0 1.7085715e-2 1.7085715e-2
3.333234e-1 1.499985e0 3.14385585e-2 3.14385585e-2
4.999893e-1 1.499985e0 4.10430684e-2 4.10430684e-2
6.666553e-1 1.499985e0 4.5054131e-2 4.5054131e-2
8.333212e-1 1.499985e0 4.3860129e-2 4.3860129e-2
9.999872e-1 1.499985e0 3.87751834e-2 3.87751834e-2
1.1666531e0 1.499985e0 3.1526381e-2 3.1526381e-2
1.3333191e0 1.499985e0 2.3752553e-2 2.3752553e-2
1.499985e0 1.499985e0 1.666412e-2 1.666412e-2
1.666651e0 1.499985e0 1.09229483e-2 1.09229483e-2
1.833317e0 1.499985e0 6.7048604e-3 6.7048604e-3
1.9999829e0 1.499985e0 3.8611247e-3 3.8611247e-3

-2.0e0 1.666651e0 -2.2776184e-3 -2.2776184e-3
-1.833334e0 1.666651e0 -3.9551218e-3 -3.9551218e-3
-1.6666681e0 1.666651e0 -6.4432756e-3 -6.4432756e-3
-1.5000021e0 1.666651e0 -9.8302582e-3 -9.8302582e-3
-1.3333362e0 1.666651e0 -1.4011664e-2 -1.4011664e-2
-1.1666702e0 1.666651e0 -1.8597401e-2 -1.8597401e-2
-1.0000043e0 1.666651e0 -2.287396e-2 -2.287396e-2
-8.333383e-1 1.666651e0 -2.58734787e-2 -2.58734787e-2
-6.666724e-1 1.666651e0 -2.6577884e-2 -2.6577884e-2
-5.000064e-1 1.666651e0 -2.42124226e-2 -2.42124226e-2
-3.333405e-1 1.666651e0 -1.85467421e-2 -1.85467421e-2
-1.666745e-1 1.666651e0 -1.00794989e-2 -1.00794989e-2
-8.5e-6 1.666651e0 -5.28510223e-7 -5.28510223e-7
1.666574e-1 1.666651e0 1.00785646e-2 1.00785646e-2
3.333234e-1 1.666651e0 1.85461371e-2 1.85461371e-2
4.999893e-1 1.666651e0 2.42121368e-2 2.42121368e-2
6.666553e-1 1.666651e0 2.65781386e-2 2.65781386e-2
8.333212e-1 1.666651e0 2.58737492e-2 2.58737492e-2
9.999872e-1 1.666651e0 2.28742642e-2 2.28742642e-2
1.1666531e0 1.666651e0 1.859765e-2 1.859765e-2
1.3333191e0 1.666651e0 1.4012077e-2 1.4012077e-2
1.499985e0 1.666651e0 9.8306494e-3 9.8306494e-3
1.666651e0 1.666651e0 6.4435965e-3 6.4435965e-3
1.833317e0 1.666651e0 3.9553233e-3 3.9553233e-3
1.9999829e0 1.666651e0 2.2777274e-3 2.2777274e-3

-2.0e0 1.833317e0 -1.27101288e-3 -1.27101288e-3
-1.833334e0 1.833317e0 -2.207076e-3 -2.207076e-3
-1.6666681e0 1.833317e0 -3.5955676e-3 -3.5955676e-3
-1.5000021e0 1.833317e0 -5.4856302e-3 -5.4856302e-3
-1.3333362e0 1.833317e0 -7.819068e-3 -7.819068e-3
-1.1666702e0 1.833317e0 -1.03782736e-2 -1.03782736e-2
-1.0000043e0 1.833317e0 -1.2764203e-2 -1.2764203e-2
-8.333383e-1 1.833317e0 -1.44383212e-2 -1.44383212e-2
-6.666724e-1 1.833317e0 -1.48314662e-2 -1.48314662e-2
-5.000064e-1 1.833317e0 -1.35114645e-2 -1.35114645e-2
-3.333405e-1 1.833317e0 -1.03498253e-2 -1.03498253e-2
-1.666745e-1 1.833317e0 -5.6246742e-3 -5.6246742e-3
-8.5e-6 1.833317e0 -2.94930519e-7 -2.94930519e-7
1.666574e-1 1.833317e0 5.6242374e-3 5.6242374e-3
3.333234e-1 1.833317e0 1.03493405e-2 1.03493405e-2
4.999893e-1 1.833317e0 1.35111707e-2 1.35111707e-2
6.666553e-1 1.833317e0 1.48315742e-2 1.48315742e-2
8.333212e-1 1.833317e0 1.44386227e-2 1.44386227e-2
9.999872e-1 1.833317e0 1.2764622e-2 1.2764622e-2
1.1666531e0 1.833317e0 1.03784323e-2 1.03784323e-2
1.3333191e0 1.833317e0 7.8193825e-3 7.8193825e-3
1.499985e0 1.833317e0 5.4857863e-3 5.4857863e-3
1.666651e0 1.833317e0 3.5957442e-3 3.5957442e-3
1.833317e0 1.833317e0 2.20719e-3 2.20719e-3
1.9999829e0 1.833317e0 1.27108643e-3 1.27108643e-3

-2.0e0 1.9999829e0 -6.709436e-4 -6.709436e-4
-1.833334e0 1.9999829e0 -1.16509578e-3 -1.16509578e-3
-1.6666681e0 1.9999829e0 -1.8980176e-3 -1.8980176e-3
-1.5000021e0 1.9999829e0 -2.8957426e-3 -2.8957426e-3
-1.3333362e0 1.9999829e0 -4.1275021e-3 -4.1275021e-3
-1.1666702e0 1.9999829e0 -5.4784633e-3 -5.4784633e-3
-1.0000043e0 1.9999829e0 -6.7382373e-3 -6.7382373e-3
-8.333383e-1 1.9999829e0 -7.62192262e-3 -7.62192262e-3
-6.666724e-1 1.9999829e0 -7.8293007e-3 -7.8293007e-3
-5.000064e-1 1.9999829e0 -7.1324156e-3 -7.1324156e-3
-3.333405e-1 1.9999829e0 -5.4633939e-3 -5.4633939e-3
-1.666745e-1 1.9999829e0 -2.9692252e-3 -2.9692252e-3
-8.5e-6 1.9999829e0 -1.55685043e-7 -1.55685043e-7
1.666574e-1 1.9999829e0 2.9689207e-3 2.9689207e-3
3.333234e-1 1.9999829e0 5.4631493e-3 5.4631493e-3
4.999893e-1 1.9999829e0 7.13221e-3 7.13221e-3
6.666553e-1 1.9999829e0 7.8292627e-3 7.8292627e-3
8.333212e-1 1.9999829e0 7.6219901e-3 7.6219901e-3
9.999872e-1 1.9999829e0 6.73826964e-3 6.73826964e-3
1.1666531e0 1.9999829e0 5.4786284e-3 5.4786284e-3
1.3333191e0 1.9999829e0 4.1277106e-3 4.1277106e-3
1.499985e0 1.9999829e0 2.8958383e-3 2.8958383e-3
1.666651e0 1.9999829e0 1.8981035e-3 1.8981035e-3
1.833317e0 1.9999829e0 1.16516232e-3 1.16516232e-3
1.9999829e0 1.9999829e0 6.7098526e-4 6.7098526e-4
