# ordering=colwise,  basis=BASIS_HAT_HIER, number points=1657, (max)level(s): (7,8), domain=[0,1] x [0,6.2831853]
# x_i : coordinates; (l_i,i_i): multiindex coords; scalaridx_i: linearized multiindex coords
x_0	x_1	f(x)	l_0	i_0	scalaridx_0	l_1	i_1	scalaridx_1	
0	0	0	0	0	0	0	0	0	
0	0.024543693	-0.00054758064	0	0	0	8	1	129	
0	0.049087385	-0.0021903226	0	0	0	7	1	65	
0	0.073631078	-0.00054758064	0	0	0	8	3	130	
0	0.09817477	-0.0095006552	0	0	0	6	1	33	
0	0.12271846	-0.00066617942	0	0	0	8	5	131	
0	0.14726216	-0.0023089213	0	0	0	7	3	66	
0	0.17180585	-0.00054758064	0	0	0	8	7	132	
0	0.19634954	-0.035074022	0	0	0	5	1	17	
0	0.22089323	-0.00073936494	0	0	0	8	9	133	
0	0.24543693	-0.0022805948	0	0	0	7	5	67	
0	0.26998062	-0.0005108493	0	0	0	8	11	134	
0	0.29452431	-0.0079678478	0	0	0	6	3	34	
0	0.319068	-0.00069422884	0	0	0	8	13	135	
0	0.3436117	-0.0021510059	0	0	0	7	7	68	
0	0.36815539	-0.00046716805	0	0	0	8	15	136	
0	0.39269908	-0.10348646	0	0	0	4	1	9	
0	0.41724277	-0.00064969014	0	0	0	8	17	137	
0	0.44178647	-0.0018784388	0	0	0	7	9	69	
0	0.46633016	-0.00040958288	0	0	0	8	19	138	
0	0.49087385	-0.0054366607	0	0	0	6	5	35	
0	0.51541754	-0.0004213589	0	0	0	8	21	139	
0	0.53996124	-0.0016538593	0	0	0	7	11	70	
0	0.56450493	-0.0005552036	0	0	0	8	23	140	
0	0.58904862	-0.014601166	0	0	0	5	3	18	
0	0.61359232	-0.00025504767	0	0	0	8	25	141	
0	0.63813601	-0.0017032131	0	0	0	7	13	71	
0	0.6626797	-0.00029354013	0	0	0	8	27	142	
0	0.68722339	-0.0018674064	0	0	0	6	7	36	
0	0.71176709	-0.00045312602	0	0	0	8	29	143	
0	0.73631078	-0.0012957343	0	0	0	7	15	72	
0	0.76085447	-0.00052343648	0	0	0	8	31	144	
0	0.78539816	0.00022828604	0	0	0	3	1	5	
0	0.80994186	-0.00036385059	0	0	0	8	33	145	
0	0.83448555	-0.0010829273	0	0	0	7	17	73	
0	0.85902924	-0.00031066821	0	0	0	8	35	146	
0	0.88357293	0.0018332785	0	0	0	6	9	37	
0	0.93266032	-0.00085028622	0	0	0	7	19	74	
0	0.9817477	0.014563771	0	0	0	5	5	19	
0	1.0062914	-0.00038376212	0	0	0	8	41	149	
0	1.0308351	0.0011757122	0	0	0	7	21	75	
0	1.0553788	-0.00021628951	0	0	0	8	43	150	
0	1.0799225	0.0052694104	0	0	0	6	11	38	
0	1.1044662	0	0	0	0	8	45	151	
0	1.1290099	0.0013886708	0	0	0	7	23	76	
0	1.1535536	-7.064709e-05	0	0	0	8	47	152	
0	1.1780972	0.10367937	0	0	0	4	3	10	
0	1.2026409	-0.00012637704	0	0	0	8	49	153	
0	1.2271846	0.0017362977	0	0	0	7	25	77	
0	1.2517283	0	0	0	0	8	51	154	
0	1.276272	0.0079821231	0	0	0	6	13	39	
0	1.3008157	-4.0039162e-05	0	0	0	8	53	155	
0	1.3253594	0.0019313243	0	0	0	7	27	78	
0	1.3499031	0	0	0	0	8	55	156	
0	1.3744468	0.035274264	0	0	0	5	7	20	
0	1.3989905	1.110223e-16	0	0	0	8	57	157	
0	1.4235342	0.0023457783	0	0	0	7	29	79	
0	1.4480779	0	0	0	0	8	59	158	
0	1.4726216	0.0094344202	0	0	0	6	15	40	
0	1.4971652	2.220446e-16	0	0	0	8	61	159	
0	1.5217089	0.0023685891	0	0	0	7	31	80	
0	1.5462526	2.220446e-16	0	0	0	8	63	160	
0	1.5707963	1	0	0	0	2	1	3	
0	1.59534	2.220446e-16	0	0	0	8	65	161	
0	1.6198837	0.0023685891	0	0	0	7	33	81	
0	1.6444274	1.110223e-16	0	0	0	8	67	162	
0	1.6689711	0.0094344202	0	0	0	6	17	41	
0	1.6935148	-1.110223e-16	0	0	0	8	69	163	
0	1.7180585	0.0023457783	0	0	0	7	35	82	
0	1.7426022	1.110223e-16	0	0	0	8	71	164	
0	1.7671459	0.035274264	0	0	0	5	9	21	
0	1.7916896	0	0	0	0	8	73	165	
0	1.8162333	0.0019313243	0	0	0	7	37	83	
0	1.8407769	-4.0039162e-05	0	0	0	8	75	166	
0	1.8653206	0.0079821231	0	0	0	6	19	42	
0	1.8898643	0	0	0	0	8	77	167	
0	1.914408	0.0017362977	0	0	0	7	39	84	
0	1.9389517	-0.00012637704	0	0	0	8	79	168	
0	1.9634954	0.10367937	0	0	0	4	5	11	
0	1.9880391	-7.064709e-05	0	0	0	8	81	169	
0	2.0125828	0.0013886708	0	0	0	7	41	85	
0	2.0371265	0	0	0	0	8	83	170	
0	2.0616702	0.0052694104	0	0	0	6	21	43	
0	2.0862139	-0.00021628951	0	0	0	8	85	171	
0	2.1107576	0.0011757122	0	0	0	7	43	86	
0	2.1353013	-0.00038376212	0	0	0	8	87	172	
0	2.1598449	0.014563771	0	0	0	5	11	22	
0	2.2089323	-0.00085028622	0	0	0	7	45	87	
0	2.2580197	0.0018332785	0	0	0	6	23	44	
0	2.2825634	-0.00031066821	0	0	0	8	93	175	
0	2.3071071	-0.0010829273	0	0	0	7	47	88	
0	2.3316508	-0.00036385059	0	0	0	8	95	176	
0	2.3561945	0.00022828604	0	0	0	3	3	6	
0	2.3807382	-0.00052343648	0	0	0	8	97	177	
0	2.4052819	-0.0012957343	0	0	0	7	49	89	
0	2.4298256	-0.00045312602	0	0	0	8	99	178	
0	2.4543693	-0.0018674064	0	0	0	6	25	45	
0	2.478913	-0.00029354013	0	0	0	8	101	179	
0	2.5034566	-0.0017032131	0	0	0	7	51	90	
0	2.5280003	-0.00025504767	0	0	0	8	103	180	
0	2.552544	-0.014601166	0	0	0	5	13	23	
0	2.5770877	-0.0005552036	0	0	0	8	105	181	
0	2.6016314	-0.0016538593	0	0	0	7	53	91	
0	2.6261751	-0.0004213589	0	0	0	8	107	182	
0	2.6507188	-0.0054366607	0	0	0	6	27	46	
0	2.6752625	-0.00040958288	0	0	0	8	109	183	
0	2.6998062	-0.0018784388	0	0	0	7	55	92	
0	2.7243499	-0.00064969014	0	0	0	8	111	184	
0	2.7488936	-0.10348646	0	0	0	4	7	12	
0	2.7734373	-0.00046716805	0	0	0	8	113	185	
0	2.797981	-0.0021510059	0	0	0	7	57	93	
0	2.8225246	-0.00069422884	0	0	0	8	115	186	
0	2.8470683	-0.0079678478	0	0	0	6	29	47	
0	2.871612	-0.0005108493	0	0	0	8	117	187	
0	2.8961557	-0.0022805948	0	0	0	7	59	94	
0	2.9206994	-0.00073936494	0	0	0	8	119	188	
0	2.9452431	-0.035074022	0	0	0	5	15	24	
0	2.9697868	-0.00054758064	0	0	0	8	121	189	
0	2.9943305	-0.0023089213	0	0	0	7	61	95	
0	3.0188742	-0.00066617942	0	0	0	8	123	190	
0	3.0434179	-0.0095006552	0	0	0	6	31	48	
0	3.0679616	-0.00054758064	0	0	0	8	125	191	
0	3.0925053	-0.0021903226	0	0	0	7	63	96	
0	3.117049	-0.00054758064	0	0	0	8	127	192	
0	3.1415927	3.469447e-18	0	0	0	1	1	2	
0	3.1661363	-0.00054758064	0	0	0	8	129	193	
0	3.19068	-0.0021903226	0	0	0	7	65	97	
0	3.2152237	-0.00054758064	0	0	0	8	131	194	
0	3.2397674	-0.0095006552	0	0	0	6	33	49	
0	3.2643111	-0.00066617942	0	0	0	8	133	195	
0	3.2888548	-0.0023089213	0	0	0	7	67	98	
0	3.3133985	-0.00054758064	0	0	0	8	135	196	
0	3.3379422	-0.035074022	0	0	0	5	17	25	
0	3.3624859	-0.00073936494	0	0	0	8	137	197	
0	3.3870296	-0.0022805948	0	0	0	7	69	99	
0	3.4115733	-0.0005108493	0	0	0	8	139	198	
0	3.436117	-0.0079678478	0	0	0	6	35	50	
0	3.4606607	-0.00069422884	0	0	0	8	141	199	
0	3.4852044	-0.0021510059	0	0	0	7	71	100	
0	3.509748	-0.00046716805	0	0	0	8	143	200	
0	3.5342917	-0.10348646	0	0	0	4	9	13	
0	3.5588354	-0.00064969014	0	0	0	8	145	201	
0	3.5833791	-0.0018784388	0	0	0	7	73	101	
0	3.6079228	-0.00040958288	0	0	0	8	147	202	
0	3.6324665	-0.0054366607	0	0	0	6	37	51	
0	3.6570102	-0.0004213589	0	0	0	8	149	203	
0	3.6815539	-0.0016538593	0	0	0	7	75	102	
0	3.7060976	-0.0005552036	0	0	0	8	151	204	
0	3.7306413	-0.014601166	0	0	0	5	19	26	
0	3.755185	-0.00025504767	0	0	0	8	153	205	
0	3.7797287	-0.0017032131	0	0	0	7	77	103	
0	3.8042724	-0.00029354013	0	0	0	8	155	206	
0	3.828816	-0.0018674064	0	0	0	6	39	52	
0	3.8533597	-0.00045312602	0	0	0	8	157	207	
0	3.8779034	-0.0012957343	0	0	0	7	79	104	
0	3.9024471	-0.00052343648	0	0	0	8	159	208	
0	3.9269908	0.00022828604	0	0	0	3	5	7	
0	3.9515345	-0.00036385059	0	0	0	8	161	209	
0	3.9760782	-0.0010829273	0	0	0	7	81	105	
0	4.0006219	-0.00031066821	0	0	0	8	163	210	
0	4.0251656	0.0018332785	0	0	0	6	41	53	
0	4.074253	-0.00085028622	0	0	0	7	83	106	
0	4.1233404	0.014563771	0	0	0	5	21	27	
0	4.1478841	-0.00038376212	0	0	0	8	169	213	
0	4.1724277	0.0011757122	0	0	0	7	85	107	
0	4.1969714	-0.00021628951	0	0	0	8	171	214	
0	4.2215151	0.0052694104	0	0	0	6	43	54	
0	4.2460588	-2.220446e-16	0	0	0	8	173	215	
0	4.2706025	0.0013886708	0	0	0	7	87	108	
0	4.2951462	-7.064709e-05	0	0	0	8	175	216	
0	4.3196899	0.10367937	0	0	0	4	11	14	
0	4.3442336	-0.00012637704	0	0	0	8	177	217	
0	4.3687773	0.0017362977	0	0	0	7	89	109	
0	4.393321	1.110223e-16	0	0	0	8	179	218	
0	4.4178647	0.0079821231	0	0	0	6	45	55	
0	4.4424084	-4.0039162e-05	0	0	0	8	181	219	
0	4.4669521	0.0019313243	0	0	0	7	91	110	
0	4.4914957	-1.110223e-16	0	0	0	8	183	220	
0	4.5160394	0.035274264	0	0	0	5	23	28	
0	4.5405831	-1.110223e-16	0	0	0	8	185	221	
0	4.5651268	0.0023457783	0	0	0	7	93	111	
0	4.5896705	1.110223e-16	0	0	0	8	187	222	
0	4.6142142	0.0094344202	0	0	0	6	47	56	
0	4.6387579	1.110223e-16	0	0	0	8	189	223	
0	4.6633016	0.0023685891	0	0	0	7	95	112	
0	4.6878453	0	0	0	0	8	191	224	
0	4.712389	1	0	0	0	2	3	4	
0	4.7369327	0	0	0	0	8	193	225	
0	4.7614764	0.0023685891	0	0	0	7	97	113	
0	4.7860201	1.110223e-16	0	0	0	8	195	226	
0	4.8105638	0.0094344202	0	0	0	6	49	57	
0	4.8351074	1.110223e-16	0	0	0	8	197	227	
0	4.8596511	0.0023457783	0	0	0	7	99	114	
0	4.8841948	0	0	0	0	8	199	228	
0	4.9087385	0.035274264	0	0	0	5	25	29	
0	4.9332822	2.220446e-16	0	0	0	8	201	229	
0	4.9578259	0.0019313243	0	0	0	7	101	115	
0	4.9823696	-4.0039162e-05	0	0	0	8	203	230	
0	5.0069133	0.0079821231	0	0	0	6	51	58	
0	5.031457	-1.110223e-16	0	0	0	8	205	231	
0	5.0560007	0.0017362977	0	0	0	7	103	116	
0	5.0805444	-0.00012637704	0	0	0	8	207	232	
0	5.1050881	0.10367937	0	0	0	4	13	15	
0	5.1296318	-7.064709e-05	0	0	0	8	209	233	
0	5.1541754	0.0013886708	0	0	0	7	105	117	
0	5.1787191	0	0	0	0	8	211	234	
0	5.2032628	0.0052694104	0	0	0	6	53	59	
0	5.2278065	-0.00021628951	0	0	0	8	213	235	
0	5.2523502	0.0011757122	0	0	0	7	107	118	
0	5.2768939	-0.00038376212	0	0	0	8	215	236	
0	5.3014376	0.014563771	0	0	0	5	27	30	
0	5.350525	-0.00085028622	0	0	0	7	109	119	
0	5.3996124	0.0018332785	0	0	0	6	55	60	
0	5.4241561	-0.00031066821	0	0	0	8	221	239	
0	5.4486998	-0.0010829273	0	0	0	7	111	120	
0	5.4732435	-0.00036385059	0	0	0	8	223	240	
0	5.4977871	0.00022828604	0	0	0	3	7	8	
0	5.5223308	-0.00052343648	0	0	0	8	225	241	
0	5.5468745	-0.0012957343	0	0	0	7	113	121	
0	5.5714182	-0.00045312602	0	0	0	8	227	242	
0	5.5959619	-0.0018674064	0	0	0	6	57	61	
0	5.6205056	-0.00029354013	0	0	0	8	229	243	
0	5.6450493	-0.0017032131	0	0	0	7	115	122	
0	5.669593	-0.00025504767	0	0	0	8	231	244	
0	5.6941367	-0.014601166	0	0	0	5	29	31	
0	5.7186804	-0.0005552036	0	0	0	8	233	245	
0	5.7432241	-0.0016538593	0	0	0	7	117	123	
0	5.7677678	-0.0004213589	0	0	0	8	235	246	
0	5.7923115	-0.0054366607	0	0	0	6	59	62	
0	5.8168551	-0.00040958288	0	0	0	8	237	247	
0	5.8413988	-0.0018784388	0	0	0	7	119	124	
0	5.8659425	-0.00064969014	0	0	0	8	239	248	
0	5.8904862	-0.10348646	0	0	0	4	15	16	
0	5.9150299	-0.00046716805	0	0	0	8	241	249	
0	5.9395736	-0.0021510059	0	0	0	7	121	125	
0	5.9641173	-0.00069422884	0	0	0	8	243	250	
0	5.988661	-0.0079678478	0	0	0	6	61	63	
0	6.0132047	-0.0005108493	0	0	0	8	245	251	
0	6.0377484	-0.0022805948	0	0	0	7	123	126	
0	6.0622921	-0.00073936494	0	0	0	8	247	252	
0	6.0868358	-0.035074022	0	0	0	5	31	32	
0	6.1113795	-0.00054758064	0	0	0	8	249	253	
0	6.1359232	-0.0023089213	0	0	0	7	125	127	
0	6.1604668	-0.00066617942	0	0	0	8	251	254	
0	6.1850105	-0.0095006552	0	0	0	6	63	64	
0	6.2095542	-0.00054758064	0	0	0	8	253	255	
0	6.2340979	-0.0021903226	0	0	0	7	127	128	
0	6.2586416	-0.00054758064	0	0	0	8	255	256	
0	6.2831853	6.9388939e-18	0	0	0	0	1	1	

0.0078125	0	0	7	1	65	0	0	0	
0.0078125	1.5707963	-0.00091677929	7	1	65	2	1	3	
0.0078125	3.1415927	0	7	1	65	1	1	2	
0.0078125	4.712389	-0.00091677929	7	1	65	2	3	4	
0.0078125	6.2831853	0	7	1	65	0	1	1	

0.015625	0	-7.6293945e-06	6	1	33	0	0	0	
0.015625	0.39269908	0.00070083518	6	1	33	4	1	9	
0.015625	0.78539816	0.0005844969	6	1	33	3	1	5	
0.015625	1.1780972	-0.00040752499	6	1	33	4	3	10	
0.015625	1.5707963	-0.0069364029	6	1	33	2	1	3	
0.015625	1.9634954	-0.00040752499	6	1	33	4	5	11	
0.015625	2.3561945	0.0005844969	6	1	33	3	3	6	
0.015625	2.7488936	0.00070083518	6	1	33	4	7	12	
0.015625	3.1415927	3.4897757e-18	6	1	33	1	1	2	
0.015625	3.5342917	0.00070083518	6	1	33	4	9	13	
0.015625	3.9269908	0.0005844969	6	1	33	3	5	7	
0.015625	4.3196899	-0.00040752499	6	1	33	4	11	14	
0.015625	4.712389	-0.0069364029	6	1	33	2	3	4	
0.015625	5.1050881	-0.00040752499	6	1	33	4	13	15	
0.015625	5.4977871	0.0005844969	6	1	33	3	7	8	
0.015625	5.8904862	0.00070083518	6	1	33	4	15	16	
0.015625	6.2831853	-7.6293945e-06	6	1	33	0	1	1	

0.0234375	0	0	7	3	66	0	0	0	
0.0234375	1.5707963	-0.00080206751	7	3	66	2	1	3	
0.0234375	3.1415927	3.5202689e-18	7	3	66	1	1	2	
0.0234375	4.712389	-0.00080206751	7	3	66	2	3	4	
0.0234375	6.2831853	2.0328791e-20	7	3	66	0	1	1	

0.03125	0	-3.0517578e-05	5	1	17	0	0	0	
0.03125	0.19634954	0.00097704109	5	1	17	5	1	17	
0.03125	0.39269908	0.002727448	5	1	17	4	1	9	
0.03125	0.58904862	0.00070312713	5	1	17	5	3	18	
0.03125	0.78539816	-0.00027064047	5	1	17	3	1	5	
0.03125	0.9817477	-4.8601151e-05	5	1	17	5	5	19	
0.03125	1.1780972	-0.0017526421	5	1	17	4	3	10	
0.03125	1.3744468	-0.00065382429	5	1	17	5	7	20	
0.03125	1.5707963	-0.024321742	5	1	17	2	1	3	
0.03125	1.7671459	-0.00065382429	5	1	17	5	9	21	
0.03125	1.9634954	-0.0017526421	5	1	17	4	5	11	
0.03125	2.1598449	-4.8601151e-05	5	1	17	5	11	22	
0.03125	2.3561945	-0.00027064047	5	1	17	3	3	6	
0.03125	2.552544	0.00070312713	5	1	17	5	13	23	
0.03125	2.7488936	0.002727448	5	1	17	4	7	12	
0.03125	2.9452431	0.00097704109	5	1	17	5	15	24	
0.03125	3.1415927	-3.5507621e-18	5	1	17	1	1	2	
0.03125	3.3379422	0.00097704109	5	1	17	5	17	25	
0.03125	3.5342917	0.002727448	5	1	17	4	9	13	
0.03125	3.7306413	0.00070312713	5	1	17	5	19	26	
0.03125	3.9269908	-0.00027064047	5	1	17	3	5	7	
0.03125	4.1233404	-4.8601151e-05	5	1	17	5	21	27	
0.03125	4.3196899	-0.0017526421	5	1	17	4	11	14	
0.03125	4.5160394	-0.00065382429	5	1	17	5	23	28	
0.03125	4.712389	-0.024321742	5	1	17	2	3	4	
0.03125	4.9087385	-0.00065382429	5	1	17	5	25	29	
0.03125	5.1050881	-0.0017526421	5	1	17	4	13	15	
0.03125	5.3014376	-4.8601151e-05	5	1	17	5	27	30	
0.03125	5.4977871	-0.00027064047	5	1	17	3	7	8	
0.03125	5.6941367	0.00070312713	5	1	17	5	29	31	
0.03125	5.8904862	0.002727448	5	1	17	4	15	16	
0.03125	6.0868358	0.00097704109	5	1	17	5	31	32	
0.03125	6.2831853	-3.0517578e-05	5	1	17	0	1	1	

0.0390625	0	0	7	5	67	0	0	0	
0.0390625	1.5707963	-0.00069430576	7	5	67	2	1	3	
0.0390625	3.1415927	4.0657581e-20	7	5	67	1	1	2	
0.0390625	4.712389	-0.00069430576	7	5	67	2	3	4	
0.0390625	6.2831853	-8.1315163e-20	7	5	67	0	1	1	

0.046875	0	-7.6293945e-06	6	3	34	0	0	0	
0.046875	0.39269908	0.00043008823	6	3	34	4	1	9	
0.046875	0.78539816	0.00037749023	6	3	34	3	1	5	
0.046875	1.1780972	-0.00024159469	6	3	34	4	3	10	
0.046875	1.5707963	-0.0052574264	6	3	34	2	1	3	
0.046875	1.9634954	-0.00024159469	6	3	34	4	5	11	
0.046875	2.3561945	0.00037749023	6	3	34	3	3	6	
0.046875	2.7488936	0.00043008823	6	3	34	4	7	12	
0.046875	3.1415927	-4.0657581e-20	6	3	34	1	1	2	
0.046875	3.5342917	0.00043008823	6	3	34	4	9	13	
0.046875	3.9269908	0.00037749023	6	3	34	3	5	7	
0.046875	4.3196899	-0.00024159469	6	3	34	4	11	14	
0.046875	4.712389	-0.0052574264	6	3	34	2	3	4	
0.046875	5.1050881	-0.00024159469	6	3	34	4	13	15	
0.046875	5.4977871	0.00037749023	6	3	34	3	7	8	
0.046875	5.8904862	0.00043008823	6	3	34	4	15	16	
0.046875	6.2831853	-7.6293945e-06	6	3	34	0	1	1	

0.0546875	0	0	7	7	68	0	0	0	
0.0546875	1.5707963	-0.00059307297	7	7	68	2	1	3	
0.0546875	3.1415927	8.1315163e-20	7	7	68	1	1	2	
0.0546875	4.712389	-0.00059307297	7	7	68	2	3	4	
0.0546875	6.2831853	-1.6263033e-19	7	7	68	0	1	1	

0.0625	0	-0.00012207031	4	1	9	0	0	0	
0.0625	0.09817477	0.00087717764	4	1	9	6	1	33	
0.0625	0.19634954	0.0025851809	4	1	9	5	1	17	
0.0625	0.29452431	0.00063073795	4	1	9	6	3	34	
0.0625	0.39269908	0.0084629255	4	1	9	4	1	9	
0.0625	0.49087385	0.00055900876	4	1	9	6	5	35	
0.0625	0.58904862	0.0014492606	4	1	9	5	3	18	
0.0625	0.68722339	0.00026040197	4	1	9	6	7	36	
0.0625	0.78539816	4.1624012e-05	4	1	9	3	1	5	
0.0625	0.9817477	-0.00055008763	4	1	9	5	5	19	
0.0625	1.1780972	-0.008128947	4	1	9	4	3	10	
0.0625	1.276272	-0.00043853837	4	1	9	6	13	39	
0.0625	1.3744468	-0.0018199806	4	1	9	5	7	20	
0.0625	1.4726216	-0.00046136275	4	1	9	6	15	40	
0.0625	1.5707963	-0.077456547	4	1	9	2	1	3	
0.0625	1.6689711	-0.00046136275	4	1	9	6	17	41	
0.0625	1.7671459	-0.0018199806	4	1	9	5	9	21	
0.0625	1.8653206	-0.00043853837	4	1	9	6	19	42	
0.0625	1.9634954	-0.008128947	4	1	9	4	5	11	
0.0625	2.1598449	-0.00055008763	4	1	9	5	11	22	
0.0625	2.3561945	4.1624012e-05	4	1	9	3	3	6	
0.0625	2.4543693	0.00026040197	4	1	9	6	25	45	
0.0625	2.552544	0.0014492606	4	1	9	5	13	23	
0.0625	2.6507188	0.00055900876	4	1	9	6	27	46	
0.0625	2.7488936	0.0084629255	4	1	9	4	7	12	
0.0625	2.8470683	0.00063073795	4	1	9	6	29	47	
0.0625	2.9452431	0.0025851809	4	1	9	5	15	24	
0.0625	3.0434179	0.00087717764	4	1	9	6	31	48	
0.0625	3.1415927	-3.1767124e-17	4	1	9	1	1	2	
0.0625	3.2397674	0.00087717764	4	1	9	6	33	49	
0.0625	3.3379422	0.0025851809	4	1	9	5	17	25	
0.0625	3.436117	0.00063073795	4	1	9	6	35	50	
0.0625	3.5342917	0.0084629255	4	1	9	4	9	13	
0.0625	3.6324665	0.00055900876	4	1	9	6	37	51	
0.0625	3.7306413	0.0014492606	4	1	9	5	19	26	
0.0625	3.828816	0.00026040197	4	1	9	6	39	52	
0.0625	3.9269908	4.1624012e-05	4	1	9	3	5	7	
0.0625	4.1233404	-0.00055008763	4	1	9	5	21	27	
0.0625	4.3196899	-0.008128947	4	1	9	4	11	14	
0.0625	4.4178647	-0.00043853837	4	1	9	6	45	55	
0.0625	4.5160394	-0.0018199806	4	1	9	5	23	28	
0.0625	4.6142142	-0.00046136275	4	1	9	6	47	56	
0.0625	4.712389	-0.077456547	4	1	9	2	3	4	
0.0625	4.8105638	-0.00046136275	4	1	9	6	49	57	
0.0625	4.9087385	-0.0018199806	4	1	9	5	25	29	
0.0625	5.0069133	-0.00043853837	4	1	9	6	51	58	
0.0625	5.1050881	-0.008128947	4	1	9	4	13	15	
0.0625	5.3014376	-0.00055008763	4	1	9	5	27	30	
0.0625	5.4977871	4.1624012e-05	4	1	9	3	7	8	
0.0625	5.5959619	0.00026040197	4	1	9	6	57	61	
0.0625	5.6941367	0.0014492606	4	1	9	5	29	31	
0.0625	5.7923115	0.00055900876	4	1	9	6	59	62	
0.0625	5.8904862	0.0084629255	4	1	9	4	15	16	
0.0625	5.988661	0.00063073795	4	1	9	6	61	63	
0.0625	6.0868358	0.0025851809	4	1	9	5	31	32	
0.0625	6.1850105	0.00087717764	4	1	9	6	63	64	
0.0625	6.2831853	-0.00012207031	4	1	9	0	1	1	

0.0703125	0	0	7	9	69	0	0	0	
0.0703125	1.5707963	-0.0005745116	7	9	69	2	1	3	
0.0703125	3.1415927	-1.6263033e-19	7	9	69	1	1	2	
0.0703125	4.712389	-0.0005745116	7	9	69	2	3	4	
0.0703125	6.2831853	3.2526065e-19	7	9	69	0	1	1	

0.078125	0	-7.6293945e-06	6	5	35	0	0	0	
0.078125	0.39269908	0.00015468752	6	5	35	4	1	9	
0.078125	0.78539816	0.00021198504	6	5	35	3	1	5	
0.078125	1.5707963	-0.0039891912	6	5	35	2	1	3	
0.078125	2.3561945	0.00021198504	6	5	35	3	3	6	
0.078125	2.7488936	0.00015468752	6	5	35	4	7	12	
0.078125	3.1415927	1.6263033e-19	6	5	35	1	1	2	
0.078125	3.5342917	0.00015468752	6	5	35	4	9	13	
0.078125	3.9269908	0.00021198504	6	5	35	3	5	7	
0.078125	4.712389	-0.0039891912	6	5	35	2	3	4	
0.078125	5.4977871	0.00021198504	6	5	35	3	7	8	
0.078125	5.8904862	0.00015468752	6	5	35	4	15	16	
0.078125	6.2831853	-7.6293945e-06	6	5	35	0	1	1	

0.0859375	0	0	7	11	70	0	0	0	
0.0859375	1.5707963	-0.00040863594	7	11	70	2	1	3	
0.0859375	3.1415927	0	7	11	70	1	1	2	
0.0859375	4.712389	-0.00040863594	7	11	70	2	3	4	
0.0859375	6.2831853	0	7	11	70	0	1	1	

0.09375	0	-3.0517578e-05	5	3	18	0	0	0	
0.09375	0.19634954	0.00060281647	5	3	18	5	1	17	
0.09375	0.39269908	0.0015793072	5	3	18	4	1	9	
0.09375	0.58904862	0.00031853578	5	3	18	5	3	18	
0.09375	0.78539816	0.00010262488	5	3	18	3	1	5	
0.09375	1.1780972	-0.00082402463	5	3	18	4	3	10	
0.09375	1.3744468	-0.0003264935	5	3	18	5	7	20	
0.09375	1.5707963	-0.014985252	5	3	18	2	1	3	
0.09375	1.7671459	-0.0003264935	5	3	18	5	9	21	
0.09375	1.9634954	-0.00082402463	5	3	18	4	5	11	
0.09375	2.3561945	0.00010262488	5	3	18	3	3	6	
0.09375	2.552544	0.00031853578	5	3	18	5	13	23	
0.09375	2.7488936	0.0015793072	5	3	18	4	7	12	
0.09375	2.9452431	0.00060281647	5	3	18	5	15	24	
0.09375	3.1415927	-2.8135046e-17	5	3	18	1	1	2	
0.09375	3.3379422	0.00060281647	5	3	18	5	17	25	
0.09375	3.5342917	0.0015793072	5	3	18	4	9	13	
0.09375	3.7306413	0.00031853578	5	3	18	5	19	26	
0.09375	3.9269908	0.00010262488	5	3	18	3	5	7	
0.09375	4.3196899	-0.00082402463	5	3	18	4	11	14	
0.09375	4.5160394	-0.0003264935	5	3	18	5	23	28	
0.09375	4.712389	-0.014985252	5	3	18	2	3	4	
0.09375	4.9087385	-0.0003264935	5	3	18	5	25	29	
0.09375	5.1050881	-0.00082402463	5	3	18	4	13	15	
0.09375	5.4977871	0.00010262488	5	3	18	3	7	8	
0.09375	5.6941367	0.00031853578	5	3	18	5	29	31	
0.09375	5.8904862	0.0015793072	5	3	18	4	15	16	
0.09375	6.0868358	0.00060281647	5	3	18	5	31	32	
0.09375	6.2831853	-3.0517578e-05	5	3	18	0	1	1	

0.1015625	0	0	7	13	71	0	0	0	
0.1015625	1.5707963	-0.00033129605	7	13	71	2	1	3	
0.1015625	3.1415927	2.8297677e-17	7	13	71	1	1	2	
0.1015625	4.712389	-0.00033129605	7	13	71	2	3	4	
0.1015625	6.2831853	-5.6595353e-17	7	13	71	0	1	1	

0.109375	0	-7.6293945e-06	6	7	36	0	0	0	
0.109375	0.39269908	0.00011923033	6	7	36	4	1	9	
0.109375	0.78539816	0.00020212498	6	7	36	3	1	5	
0.109375	1.5707963	-0.003163368	6	7	36	2	1	3	
0.109375	2.3561945	0.00020212498	6	7	36	3	3	6	
0.109375	2.7488936	0.00011923033	6	7	36	4	7	12	
0.109375	3.1415927	2.8297677e-17	6	7	36	1	1	2	
0.109375	3.5342917	0.00011923033	6	7	36	4	9	13	
0.109375	3.9269908	0.00020212498	6	7	36	3	5	7	
0.109375	4.712389	-0.003163368	6	7	36	2	3	4	
0.109375	5.4977871	0.00020212498	6	7	36	3	7	8	
0.109375	5.8904862	0.00011923033	6	7	36	4	15	16	
0.109375	6.2831853	-7.6293945e-06	6	7	36	0	1	1	

0.1171875	0	0	7	15	72	0	0	0	
0.1171875	1.5707963	-0.00057716688	7	15	72	2	1	3	
0.1171875	3.1415927	0	7	15	72	1	1	2	
0.1171875	4.712389	-0.00057716688	7	15	72	2	3	4	
0.1171875	6.2831853	0	7	15	72	0	1	1	

0.125	0	-0.0014648438	3	1	5	0	0	0	
0.125	0.049087385	0.00029073037	3	1	5	7	1	65	
0.125	0.09817477	0.0018643438	3	1	5	6	1	33	
0.125	0.14726216	0.00042830043	3	1	5	7	3	66	
0.125	0.19634954	0.0070711522	3	1	5	5	1	17	
0.125	0.24543693	0.00052913915	3	1	5	7	5	67	
0.125	0.29452431	0.0016885666	3	1	5	6	3	34	
0.125	0.3436117	0.00056544543	3	1	5	7	7	68	
0.125	0.39269908	0.020728195	3	1	5	4	1	9	
0.125	0.44178647	0.00045051128	3	1	5	7	9	69	
0.125	0.49087385	0.001173511	3	1	5	6	5	35	
0.125	0.53996124	0.00024936508	3	1	5	7	11	70	
0.125	0.58904862	0.0034123963	3	1	5	5	3	18	
0.125	0.68722339	0.00072480676	3	1	5	6	7	36	
0.125	0.78539816	-0.0001011441	3	1	5	3	1	5	
0.125	0.88357293	-3.741881e-05	3	1	5	6	9	37	
0.125	0.9817477	-0.0029233158	3	1	5	5	5	19	
0.125	1.0799225	-0.00052334268	3	1	5	6	11	38	
0.125	1.1780972	-0.020861604	3	1	5	4	3	10	
0.125	1.276272	-0.00079640921	3	1	5	6	13	39	
0.125	1.3744468	-0.0072475635	3	1	5	5	7	20	
0.125	1.4235342	-0.00027772	3	1	5	7	29	79	
0.125	1.4726216	-0.0011169543	3	1	5	6	15	40	
0.125	1.5217089	-0.0002804206	3	1	5	7	31	80	
0.125	1.5707963	-0.19963806	3	1	5	2	1	3	
0.125	1.6198837	-0.0002804206	3	1	5	7	33	81	
0.125	1.6689711	-0.0011169543	3	1	5	6	17	41	
0.125	1.7180585	-0.00027772	3	1	5	7	35	82	
0.125	1.7671459	-0.0072475635	3	1	5	5	9	21	
0.125	1.8653206	-0.00079640921	3	1	5	6	19	42	
0.125	1.9634954	-0.020861604	3	1	5	4	5	11	
0.125	2.0616702	-0.00052334268	3	1	5	6	21	43	
0.125	2.1598449	-0.0029233158	3	1	5	5	11	22	
0.125	2.2580197	-3.741881e-05	3	1	5	6	23	44	
0.125	2.3561945	-0.0001011441	3	1	5	3	3	6	
0.125	2.4543693	0.00072480676	3	1	5	6	25	45	
0.125	2.552544	0.0034123963	3	1	5	5	13	23	
0.125	2.6016314	0.00024936508	3	1	5	7	53	91	
0.125	2.6507188	0.001173511	3	1	5	6	27	46	
0.125	2.6998062	0.00045051128	3	1	5	7	55	92	
0.125	2.7488936	0.020728195	3	1	5	4	7	12	
0.125	2.797981	0.00056544543	3	1	5	7	57	93	
0.125	2.8470683	0.0016885666	3	1	5	6	29	47	
0.125	2.8961557	0.00052913915	3	1	5	7	59	94	
0.125	2.9452431	0.0070711522	3	1	5	5	15	24	
0.125	2.9943305	0.00042830043	3	1	5	7	61	95	
0.125	3.0434179	0.0018643438	3	1	5	6	31	48	
0.125	3.0925053	0.00029073037	3	1	5	7	63	96	
0.125	3.1415927	2.515349e-17	3	1	5	1	1	2	
0.125	3.19068	0.00029073037	3	1	5	7	65	97	
0.125	3.2397674	0.0018643438	3	1	5	6	33	49	
0.125	3.2888548	0.00042830043	3	1	5	7	67	98	
0.125	3.3379422	0.0070711522	3	1	5	5	17	25	
0.125	3.3870296	0.00052913915	3	1	5	7	69	99	
0.125	3.436117	0.0016885666	3	1	5	6	35	50	
0.125	3.4852044	0.00056544543	3	1	5	7	71	100	
0.125	3.5342917	0.020728195	3	1	5	4	9	13	
0.125	3.5833791	0.00045051128	3	1	5	7	73	101	
0.125	3.6324665	0.001173511	3	1	5	6	37	51	
0.125	3.6815539	0.00024936508	3	1	5	7	75	102	
0.125	3.7306413	0.0034123963	3	1	5	5	19	26	
0.125	3.828816	0.00072480676	3	1	5	6	39	52	
0.125	3.9269908	-0.0001011441	3	1	5	3	5	7	
0.125	4.0251656	-3.741881e-05	3	1	5	6	41	53	
0.125	4.1233404	-0.0029233158	3	1	5	5	21	27	
0.125	4.2215151	-0.00052334268	3	1	5	6	43	54	
0.125	4.3196899	-0.020861604	3	1	5	4	11	14	
0.125	4.4178647	-0.00079640921	3	1	5	6	45	55	
0.125	4.5160394	-0.0072475635	3	1	5	5	23	28	
0.125	4.5651268	-0.00027772	3	1	5	7	93	111	
0.125	4.6142142	-0.0011169543	3	1	5	6	47	56	
0.125	4.6633016	-0.0002804206	3	1	5	7	95	112	
0.125	4.712389	-0.19963806	3	1	5	2	3	4	
0.125	4.7614764	-0.0002804206	3	1	5	7	97	113	
0.125	4.8105638	-0.0011169543	3	1	5	6	49	57	
0.125	4.8596511	-0.00027772	3	1	5	7	99	114	
0.125	4.9087385	-0.0072475635	3	1	5	5	25	29	
0.125	5.0069133	-0.00079640921	3	1	5	6	51	58	
0.125	5.1050881	-0.020861604	3	1	5	4	13	15	
0.125	5.2032628	-0.00052334268	3	1	5	6	53	59	
0.125	5.3014376	-0.0029233158	3	1	5	5	27	30	
0.125	5.3996124	-3.741881e-05	3	1	5	6	55	60	
0.125	5.4977871	-0.0001011441	3	1	5	3	7	8	
0.125	5.5959619	0.00072480676	3	1	5	6	57	61	
0.125	5.6941367	0.0034123963	3	1	5	5	29	31	
0.125	5.7432241	0.00024936508	3	1	5	7	117	123	
0.125	5.7923115	0.001173511	3	1	5	6	59	62	
0.125	5.8413988	0.00045051128	3	1	5	7	119	124	
0.125	5.8904862	0.020728195	3	1	5	4	15	16	
0.125	5.9395736	0.00056544543	3	1	5	7	121	125	
0.125	5.988661	0.0016885666	3	1	5	6	61	63	
0.125	6.0377484	0.00052913915	3	1	5	7	123	126	
0.125	6.0868358	0.0070711522	3	1	5	5	31	32	
0.125	6.1359232	0.00042830043	3	1	5	7	125	127	
0.125	6.1850105	0.0018643438	3	1	5	6	63	64	
0.125	6.2340979	0.00029073037	3	1	5	7	127	128	
0.125	6.2831853	-0.0014648438	3	1	5	0	1	1	

0.1328125	0	0	7	17	73	0	0	0	
0.1328125	1.5707963	-0.00039939562	7	17	73	2	1	3	
0.1328125	3.1415927	0	7	17	73	1	1	2	
0.1328125	4.712389	-0.00039939562	7	17	73	2	3	4	
0.1328125	6.2831853	0	7	17	73	0	1	1	

0.140625	0	-7.6293945e-06	6	9	37	0	0	0	
0.140625	0.78539816	0.00012678092	6	9	37	3	1	5	
0.140625	1.5707963	-0.0025377609	6	9	37	2	1	3	
0.140625	2.3561945	0.00012678092	6	9	37	3	3	6	
0.140625	3.1415927	0	6	9	37	1	1	2	
0.140625	3.9269908	0.00012678092	6	9	37	3	5	7	
0.140625	4.712389	-0.0025377609	6	9	37	2	3	4	
0.140625	5.4977871	0.00012678092	6	9	37	3	7	8	
0.140625	6.2831853	-7.6293945e-06	6	9	37	0	1	1	

0.1484375	0	0	7	19	74	0	0	0	
0.1484375	1.5707963	-0.00022758827	7	19	74	2	1	3	
0.1484375	3.1415927	0	7	19	74	1	1	2	
0.1484375	4.712389	-0.00022758827	7	19	74	2	3	4	
0.1484375	6.2831853	0	7	19	74	0	1	1	

0.15625	0	-0.00015258789	5	5	19	0	0	0	
0.15625	0.39269908	0.00092433678	5	5	19	4	1	9	
0.15625	0.78539816	0.0006014137	5	5	19	3	1	5	
0.15625	1.1780972	-0.00038962095	5	5	19	4	3	10	
0.15625	1.5707963	-0.0090587323	5	5	19	2	1	3	
0.15625	1.9634954	-0.00038962095	5	5	19	4	5	11	
0.15625	2.3561945	0.0006014137	5	5	19	3	3	6	
0.15625	2.7488936	0.00092433678	5	5	19	4	7	12	
0.15625	3.1415927	0	5	5	19	1	1	2	
0.15625	3.5342917	0.00092433678	5	5	19	4	9	13	
0.15625	3.9269908	0.0006014137	5	5	19	3	5	7	
0.15625	4.3196899	-0.00038962095	5	5	19	4	11	14	
0.15625	4.712389	-0.0090587323	5	5	19	2	3	4	
0.15625	5.1050881	-0.00038962095	5	5	19	4	13	15	
0.15625	5.4977871	0.0006014137	5	5	19	3	7	8	
0.15625	5.8904862	0.00092433678	5	5	19	4	15	16	
0.15625	6.2831853	-0.00015258789	5	5	19	0	1	1	

0.171875	0	-0.00012207031	6	11	38	0	0	0	
0.171875	1.5707963	-0.00098890237	6	11	38	2	1	3	
0.171875	3.1415927	0	6	11	38	1	1	2	
0.171875	4.712389	-0.00098890237	6	11	38	2	3	4	
0.171875	6.2831853	-0.00012207031	6	11	38	0	1	1	

0.1875	0	-0.00085449219	4	3	10	0	0	0	
0.1875	0.09817477	0.00047639223	4	3	10	6	1	33	
0.1875	0.19634954	0.00085044541	4	3	10	5	1	17	
0.1875	0.29452431	0.00035583697	4	3	10	6	3	34	
0.1875	0.39269908	0.0030185242	4	3	10	4	1	9	
0.1875	0.49087385	0.00013394469	4	3	10	6	5	35	
0.1875	0.58904862	0.00055327779	4	3	10	5	3	18	
0.1875	0.78539816	5.6967804e-05	4	3	10	3	1	5	
0.1875	0.9817477	-0.00010641811	4	3	10	5	5	19	
0.1875	1.1780972	-0.0029506727	4	3	10	4	3	10	
0.1875	1.3744468	-0.00066748273	4	3	10	5	7	20	
0.1875	1.4726216	-0.0002913671	4	3	10	6	15	40	
0.1875	1.5707963	-0.028581197	4	3	10	2	1	3	
0.1875	1.6689711	-0.0002913671	4	3	10	6	17	41	
0.1875	1.7671459	-0.00066748273	4	3	10	5	9	21	
0.1875	1.9634954	-0.0029506727	4	3	10	4	5	11	
0.1875	2.1598449	-0.00010641811	4	3	10	5	11	22	
0.1875	2.3561945	5.6967804e-05	4	3	10	3	3	6	
0.1875	2.552544	0.00055327779	4	3	10	5	13	23	
0.1875	2.6507188	0.00013394469	4	3	10	6	27	46	
0.1875	2.7488936	0.0030185242	4	3	10	4	7	12	
0.1875	2.8470683	0.00035583697	4	3	10	6	29	47	
0.1875	2.9452431	0.00085044541	4	3	10	5	15	24	
0.1875	3.0434179	0.00047639223	4	3	10	6	31	48	
0.1875	3.1415927	0	4	3	10	1	1	2	
0.1875	3.2397674	0.00047639223	4	3	10	6	33	49	
0.1875	3.3379422	0.00085044541	4	3	10	5	17	25	
0.1875	3.436117	0.00035583697	4	3	10	6	35	50	
0.1875	3.5342917	0.0030185242	4	3	10	4	9	13	
0.1875	3.6324665	0.00013394469	4	3	10	6	37	51	
0.1875	3.7306413	0.00055327779	4	3	10	5	19	26	
0.1875	3.9269908	5.6967804e-05	4	3	10	3	5	7	
0.1875	4.1233404	-0.00010641811	4	3	10	5	21	27	
0.1875	4.3196899	-0.0029506727	4	3	10	4	11	14	
0.1875	4.5160394	-0.00066748273	4	3	10	5	23	28	
0.1875	4.6142142	-0.0002913671	4	3	10	6	47	56	
0.1875	4.712389	-0.028581197	4	3	10	2	3	4	
0.1875	4.8105638	-0.0002913671	4	3	10	6	49	57	
0.1875	4.9087385	-0.00066748273	4	3	10	5	25	29	
0.1875	5.1050881	-0.0029506727	4	3	10	4	13	15	
0.1875	5.3014376	-0.00010641811	4	3	10	5	27	30	
0.1875	5.4977871	5.6967804e-05	4	3	10	3	7	8	
0.1875	5.6941367	0.00055327779	4	3	10	5	29	31	
0.1875	5.7923115	0.00013394469	4	3	10	6	59	62	
0.1875	5.8904862	0.0030185242	4	3	10	4	15	16	
0.1875	5.988661	0.00035583697	4	3	10	6	61	63	
0.1875	6.0868358	0.00085044541	4	3	10	5	31	32	
0.1875	6.1850105	0.00047639223	4	3	10	6	63	64	
0.1875	6.2831853	-0.00085449219	4	3	10	0	1	1	

0.203125	0	0	6	13	39	0	0	0	
0.203125	1.5707963	-0.00075795416	6	13	39	2	1	3	
0.203125	3.1415927	0	6	13	39	1	1	2	
0.203125	4.712389	-0.00075795416	6	13	39	2	3	4	
0.203125	6.2831853	0	6	13	39	0	1	1	

0.21875	0	-9.1552734e-05	5	7	20	0	0	0	
0.21875	0.39269908	0.00038656545	5	7	20	4	1	9	
0.21875	0.78539816	0.00038742111	5	7	20	3	1	5	
0.21875	1.1780972	-0.00023386944	5	7	20	4	3	10	
0.21875	1.5707963	-0.0053756441	5	7	20	2	1	3	
0.21875	1.9634954	-0.00023386944	5	7	20	4	5	11	
0.21875	2.3561945	0.00038742111	5	7	20	3	3	6	
0.21875	2.7488936	0.00038656545	5	7	20	4	7	12	
0.21875	3.1415927	0	5	7	20	1	1	2	
0.21875	3.5342917	0.00038656545	5	7	20	4	9	13	
0.21875	3.9269908	0.00038742111	5	7	20	3	5	7	
0.21875	4.3196899	-0.00023386944	5	7	20	4	11	14	
0.21875	4.712389	-0.0053756441	5	7	20	2	3	4	
0.21875	5.1050881	-0.00023386944	5	7	20	4	13	15	
0.21875	5.4977871	0.00038742111	5	7	20	3	7	8	
0.21875	5.8904862	0.00038656545	5	7	20	4	15	16	
0.21875	6.2831853	-9.1552734e-05	5	7	20	0	1	1	

0.234375	0	0	6	15	40	0	0	0	
0.234375	1.5707963	-0.00055414308	6	15	40	2	1	3	
0.234375	3.1415927	0	6	15	40	1	1	2	
0.234375	4.712389	-0.00055414308	6	15	40	2	3	4	
0.234375	6.2831853	0	6	15	40	0	1	1	

0.25	0	-0.02734375	2	1	3	0	0	0	
0.25	0.049087385	0.00093861994	2	1	3	7	1	65	
0.25	0.09817477	0.0034606824	2	1	3	6	1	33	
0.25	0.14726216	0.00084137799	2	1	3	7	3	66	
0.25	0.19634954	0.013289939	2	1	3	5	1	17	
0.25	0.24543693	0.00078811631	2	1	3	7	5	67	
0.25	0.29452431	0.0030677245	2	1	3	6	3	34	
0.25	0.3436117	0.0005823352	2	1	3	7	7	68	
0.25	0.39269908	0.038718541	2	1	3	4	1	9	
0.25	0.44178647	0.00047608417	2	1	3	7	9	69	
0.25	0.49087385	0.0022936204	2	1	3	6	5	35	
0.25	0.53996124	0.00040101301	2	1	3	7	11	70	
0.25	0.58904862	0.0054278292	2	1	3	5	3	18	
0.25	0.68722339	0.00097914041	2	1	3	6	7	36	
0.25	0.78539816	3.9415844e-05	2	1	3	3	1	5	
0.25	0.88357293	-0.00037713921	2	1	3	6	9	37	
0.25	0.9817477	-0.0055436458	2	1	3	5	5	19	
0.25	1.0308351	-0.000425117	2	1	3	7	21	75	
0.25	1.0799225	-0.0013218714	2	1	3	6	11	38	
0.25	1.1290099	-0.00030428213	2	1	3	7	23	76	
0.25	1.1780972	-0.038792637	2	1	3	4	3	10	
0.25	1.2271846	-0.00054804858	2	1	3	7	25	77	
0.25	1.276272	-0.0023197246	2	1	3	6	13	39	
0.25	1.3253594	-0.00051116086	2	1	3	7	27	78	
0.25	1.3744468	-0.013133839	2	1	3	5	7	20	
0.25	1.4235342	-0.00070941745	2	1	3	7	29	79	
0.25	1.4726216	-0.0028531863	2	1	3	6	15	40	
0.25	1.5217089	-0.00071631597	2	1	3	7	31	80	
0.25	1.5707963	-0.3737588	2	1	3	2	1	3	
0.25	1.6198837	-0.00071631597	2	1	3	7	33	81	
0.25	1.6689711	-0.0028531863	2	1	3	6	17	41	
0.25	1.7180585	-0.00070941745	2	1	3	7	35	82	
0.25	1.7671459	-0.013133839	2	1	3	5	9	21	
0.25	1.8162333	-0.00051116086	2	1	3	7	37	83	
0.25	1.8653206	-0.0023197246	2	1	3	6	19	42	
0.25	1.914408	-0.00054804858	2	1	3	7	39	84	
0.25	1.9634954	-0.038792637	2	1	3	4	5	11	
0.25	2.0125828	-0.00030428213	2	1	3	7	41	85	
0.25	2.0616702	-0.0013218714	2	1	3	6	21	43	
0.25	2.1107576	-0.000425117	2	1	3	7	43	86	
0.25	2.1598449	-0.0055436458	2	1	3	5	11	22	
0.25	2.2580197	-0.00037713921	2	1	3	6	23	44	
0.25	2.3561945	3.9415844e-05	2	1	3	3	3	6	
0.25	2.4543693	0.00097914041	2	1	3	6	25	45	
0.25	2.552544	0.0054278292	2	1	3	5	13	23	
0.25	2.6016314	0.00040101301	2	1	3	7	53	91	
0.25	2.6507188	0.0022936204	2	1	3	6	27	46	
0.25	2.6998062	0.00047608417	2	1	3	7	55	92	
0.25	2.7488936	0.038718541	2	1	3	4	7	12	
0.25	2.797981	0.0005823352	2	1	3	7	57	93	
0.25	2.8470683	0.0030677245	2	1	3	6	29	47	
0.25	2.8961557	0.00078811631	2	1	3	7	59	94	
0.25	2.9452431	0.013289939	2	1	3	5	15	24	
0.25	2.9943305	0.00084137799	2	1	3	7	61	95	
0.25	3.0434179	0.0034606824	2	1	3	6	31	48	
0.25	3.0925053	0.00093861994	2	1	3	7	63	96	
0.25	3.1415927	5.5511151e-17	2	1	3	1	1	2	
0.25	3.19068	0.00093861994	2	1	3	7	65	97	
0.25	3.2397674	0.0034606824	2	1	3	6	33	49	
0.25	3.2888548	0.00084137799	2	1	3	7	67	98	
0.25	3.3379422	0.013289939	2	1	3	5	17	25	
0.25	3.3870296	0.00078811631	2	1	3	7	69	99	
0.25	3.436117	0.0030677245	2	1	3	6	35	50	
0.25	3.4852044	0.0005823352	2	1	3	7	71	100	
0.25	3.5342917	0.038718541	2	1	3	4	9	13	
0.25	3.5833791	0.00047608417	2	1	3	7	73	101	
0.25	3.6324665	0.0022936204	2	1	3	6	37	51	
0.25	3.6815539	0.00040101301	2	1	3	7	75	102	
0.25	3.7306413	0.0054278292	2	1	3	5	19	26	
0.25	3.828816	0.00097914041	2	1	3	6	39	52	
0.25	3.9269908	3.9415844e-05	2	1	3	3	5	7	
0.25	4.0251656	-0.00037713921	2	1	3	6	41	53	
0.25	4.1233404	-0.0055436458	2	1	3	5	21	27	
0.25	4.1724277	-0.000425117	2	1	3	7	85	107	
0.25	4.2215151	-0.0013218714	2	1	3	6	43	54	
0.25	4.2706025	-0.00030428213	2	1	3	7	87	108	
0.25	4.3196899	-0.038792637	2	1	3	4	11	14	
0.25	4.3687773	-0.00054804858	2	1	3	7	89	109	
0.25	4.4178647	-0.0023197246	2	1	3	6	45	55	
0.25	4.4669521	-0.00051116086	2	1	3	7	91	110	
0.25	4.5160394	-0.013133839	2	1	3	5	23	28	
0.25	4.5651268	-0.00070941745	2	1	3	7	93	111	
0.25	4.6142142	-0.0028531863	2	1	3	6	47	56	
0.25	4.6633016	-0.00071631597	2	1	3	7	95	112	
0.25	4.712389	-0.3737588	2	1	3	2	3	4	
0.25	4.7614764	-0.00071631597	2	1	3	7	97	113	
0.25	4.8105638	-0.0028531863	2	1	3	6	49	57	
0.25	4.8596511	-0.00070941745	2	1	3	7	99	114	
0.25	4.9087385	-0.013133839	2	1	3	5	25	29	
0.25	4.9578259	-0.00051116086	2	1	3	7	101	115	
0.25	5.0069133	-0.0023197246	2	1	3	6	51	58	
0.25	5.0560007	-0.00054804858	2	1	3	7	103	116	
0.25	5.1050881	-0.038792637	2	1	3	4	13	15	
0.25	5.1541754	-0.00030428213	2	1	3	7	105	117	
0.25	5.2032628	-0.0013218714	2	1	3	6	53	59	
0.25	5.2523502	-0.000425117	2	1	3	7	107	118	
0.25	5.3014376	-0.0055436458	2	1	3	5	27	30	
0.25	5.3996124	-0.00037713921	2	1	3	6	55	60	
0.25	5.4977871	3.9415844e-05	2	1	3	3	7	8	
0.25	5.5959619	0.00097914041	2	1	3	6	57	61	
0.25	5.6941367	0.0054278292	2	1	3	5	29	31	
0.25	5.7432241	0.00040101301	2	1	3	7	117	123	
0.25	5.7923115	0.0022936204	2	1	3	6	59	62	
0.25	5.8413988	0.00047608417	2	1	3	7	119	124	
0.25	5.8904862	0.038718541	2	1	3	4	15	16	
0.25	5.9395736	0.0005823352	2	1	3	7	121	125	
0.25	5.988661	0.0030677245	2	1	3	6	61	63	
0.25	6.0377484	0.00078811631	2	1	3	7	123	126	
0.25	6.0868358	0.013289939	2	1	3	5	31	32	
0.25	6.1359232	0.00084137799	2	1	3	7	125	127	
0.25	6.1850105	0.0034606824	2	1	3	6	63	64	
0.25	6.2340979	0.00093861994	2	1	3	7	127	128	
0.25	6.2831853	-0.02734375	2	1	3	0	1	1	

0.265625	0	0	6	17	41	0	0	0	
0.265625	1.5707963	-0.0005967979	6	17	41	2	1	3	
0.265625	3.1415927	0	6	17	41	1	1	2	
0.265625	4.712389	-0.0005967979	6	17	41	2	3	4	
0.265625	6.2831853	0	6	17	41	0	1	1	

0.28125	0	-0.0002746582	5	9	21	0	0	0	
0.28125	0.39269908	7.6350546e-05	5	9	21	4	1	9	
0.28125	0.78539816	0.00019970982	5	9	21	3	1	5	
0.28125	1.5707963	-0.0032330415	5	9	21	2	1	3	
0.28125	2.3561945	0.00019970982	5	9	21	3	3	6	
0.28125	2.7488936	7.6350546e-05	5	9	21	4	7	12	
0.28125	3.1415927	0	5	9	21	1	1	2	
0.28125	3.5342917	7.6350546e-05	5	9	21	4	9	13	
0.28125	3.9269908	0.00019970982	5	9	21	3	5	7	
0.28125	4.712389	-0.0032330415	5	9	21	2	3	4	
0.28125	5.4977871	0.00019970982	5	9	21	3	7	8	
0.28125	5.8904862	7.6350546e-05	5	9	21	4	15	16	
0.28125	6.2831853	-0.0002746582	5	9	21	0	1	1	

0.296875	0	-0.00012207031	6	19	42	0	0	0	
0.296875	1.5707963	-0.0003797646	6	19	42	2	1	3	
0.296875	3.1415927	0	6	19	42	1	1	2	
0.296875	4.712389	-0.0003797646	6	19	42	2	3	4	
0.296875	6.2831853	-0.00012207031	6	19	42	0	1	1	

0.3125	0	-0.0023193359	4	5	11	0	0	0	
0.3125	0.19634954	0.00025006633	4	5	11	5	1	17	
0.3125	0.39269908	0.0011373408	4	5	11	4	1	9	
0.3125	0.58904862	0.00010959526	4	5	11	5	3	18	
0.3125	0.78539816	0.00011826697	4	5	11	3	1	5	
0.3125	1.1780972	-0.00072886925	4	5	11	4	3	10	
0.3125	1.5707963	-0.010484332	4	5	11	2	1	3	
0.3125	1.9634954	-0.00072886925	4	5	11	4	5	11	
0.3125	2.3561945	0.00011826697	4	5	11	3	3	6	
0.3125	2.552544	0.00010959526	4	5	11	5	13	23	
0.3125	2.7488936	0.0011373408	4	5	11	4	7	12	
0.3125	2.9452431	0.00025006633	4	5	11	5	15	24	
0.3125	3.1415927	2.6888214e-17	4	5	11	1	1	2	
0.3125	3.3379422	0.00025006633	4	5	11	5	17	25	
0.3125	3.5342917	0.0011373408	4	5	11	4	9	13	
0.3125	3.7306413	0.00010959526	4	5	11	5	19	26	
0.3125	3.9269908	0.00011826697	4	5	11	3	5	7	
0.3125	4.3196899	-0.00072886925	4	5	11	4	11	14	
0.3125	4.712389	-0.010484332	4	5	11	2	3	4	
0.3125	5.1050881	-0.00072886925	4	5	11	4	13	15	
0.3125	5.4977871	0.00011826697	4	5	11	3	7	8	
0.3125	5.6941367	0.00010959526	4	5	11	5	29	31	
0.3125	5.8904862	0.0011373408	4	5	11	4	15	16	
0.3125	6.0868358	0.00025006633	4	5	11	5	31	32	
0.3125	6.2831853	-0.0023193359	4	5	11	0	1	1	

0.328125	0	0	6	21	43	0	0	0	
0.328125	1.5707963	-0.0001642124	6	21	43	2	1	3	
0.328125	3.1415927	0	6	21	43	1	1	2	
0.328125	4.712389	-0.0001642124	6	21	43	2	3	4	
0.328125	6.2831853	0	6	21	43	0	1	1	

0.34375	0	-0.0007019043	5	11	22	0	0	0	
0.34375	0.39269908	6.2199459e-05	5	11	22	4	1	9	
0.34375	0.78539816	0.00021582755	5	11	22	3	1	5	
0.34375	1.5707963	-0.0020546451	5	11	22	2	1	3	
0.34375	2.3561945	0.00021582755	5	11	22	3	3	6	
0.34375	2.7488936	6.2199459e-05	5	11	22	4	7	12	
0.34375	3.1415927	2.6888214e-17	5	11	22	1	1	2	
0.34375	3.5342917	6.2199459e-05	5	11	22	4	9	13	
0.34375	3.9269908	0.00021582755	5	11	22	3	5	7	
0.34375	4.712389	-0.0020546451	5	11	22	2	3	4	
0.34375	5.4977871	0.00021582755	5	11	22	3	7	8	
0.34375	5.8904862	6.2199459e-05	5	11	22	4	15	16	
0.34375	6.2831853	-0.0007019043	5	11	22	0	1	1	

0.359375	0	-0.00021362305	6	23	44	0	0	0	
0.359375	1.5707963	-8.8737369e-05	6	23	44	2	1	3	
0.359375	3.1415927	2.6020852e-17	6	23	44	1	1	2	
0.359375	4.712389	-8.8737369e-05	6	23	44	2	3	4	
0.359375	6.2831853	-0.00021362305	6	23	44	0	1	1	

0.375	0	-0.013183594	3	3	6	0	0	0	
0.375	0.09817477	0.00023305636	3	3	6	6	1	33	
0.375	0.19634954	0.00099885161	3	3	6	5	1	17	
0.375	0.29452431	7.0383242e-05	3	3	6	6	3	34	
0.375	0.39269908	0.0029339275	3	3	6	4	1	9	
0.375	0.49087385	0.00036650994	3	3	6	6	5	35	
0.375	0.58904862	0.00034387328	3	3	6	5	3	18	
0.375	0.78539816	-5.1963316e-05	3	3	6	3	1	5	
0.375	0.9817477	-0.00042393129	3	3	6	5	5	19	
0.375	1.0799225	-0.0001909776	3	3	6	6	11	38	
0.375	1.1780972	-0.0025352447	3	3	6	4	3	10	
0.375	1.276272	-0.00032888182	3	3	6	6	13	39	
0.375	1.3744468	-0.00096087109	3	3	6	5	7	20	
0.375	1.4726216	-0.00027923858	3	3	6	6	15	40	
0.375	1.5707963	-0.027114686	3	3	6	2	1	3	
0.375	1.6689711	-0.00027923858	3	3	6	6	17	41	
0.375	1.7671459	-0.00096087109	3	3	6	5	9	21	
0.375	1.8653206	-0.00032888182	3	3	6	6	19	42	
0.375	1.9634954	-0.0025352447	3	3	6	4	5	11	
0.375	2.0616702	-0.0001909776	3	3	6	6	21	43	
0.375	2.1598449	-0.00042393129	3	3	6	5	11	22	
0.375	2.3561945	-5.1963316e-05	3	3	6	3	3	6	
0.375	2.552544	0.00034387328	3	3	6	5	13	23	
0.375	2.6507188	0.00036650994	3	3	6	6	27	46	
0.375	2.7488936	0.0029339275	3	3	6	4	7	12	
0.375	2.8470683	7.0383242e-05	3	3	6	6	29	47	
0.375	2.9452431	0.00099885161	3	3	6	5	15	24	
0.375	3.0434179	0.00023305636	3	3	6	6	31	48	
0.375	3.1415927	-2.7755576e-17	3	3	6	1	1	2	
0.375	3.2397674	0.00023305636	3	3	6	6	33	49	
0.375	3.3379422	0.00099885161	3	3	6	5	17	25	
0.375	3.436117	7.0383242e-05	3	3	6	6	35	50	
0.375	3.5342917	0.0029339275	3	3	6	4	9	13	
0.375	3.6324665	0.00036650994	3	3	6	6	37	51	
0.375	3.7306413	0.00034387328	3	3	6	5	19	26	
0.375	3.9269908	-5.1963316e-05	3	3	6	3	5	7	
0.375	4.1233404	-0.00042393129	3	3	6	5	21	27	
0.375	4.2215151	-0.0001909776	3	3	6	6	43	54	
0.375	4.3196899	-0.0025352447	3	3	6	4	11	14	
0.375	4.4178647	-0.00032888182	3	3	6	6	45	55	
0.375	4.5160394	-0.00096087109	3	3	6	5	23	28	
0.375	4.6142142	-0.00027923858	3	3	6	6	47	56	
0.375	4.712389	-0.027114686	3	3	6	2	3	4	
0.375	4.8105638	-0.00027923858	3	3	6	6	49	57	
0.375	4.9087385	-0.00096087109	3	3	6	5	25	29	
0.375	5.0069133	-0.00032888182	3	3	6	6	51	58	
0.375	5.1050881	-0.0025352447	3	3	6	4	13	15	
0.375	5.2032628	-0.0001909776	3	3	6	6	53	59	
0.375	5.3014376	-0.00042393129	3	3	6	5	27	30	
0.375	5.4977871	-5.1963316e-05	3	3	6	3	7	8	
0.375	5.6941367	0.00034387328	3	3	6	5	29	31	
0.375	5.7923115	0.00036650994	3	3	6	6	59	62	
0.375	5.8904862	0.0029339275	3	3	6	4	15	16	
0.375	5.988661	7.0383242e-05	3	3	6	6	61	63	
0.375	6.0868358	0.00099885161	3	3	6	5	31	32	
0.375	6.1850105	0.00023305636	3	3	6	6	63	64	
0.375	6.2831853	-0.013183594	3	3	6	0	1	1	

0.390625	0	-0.0002746582	6	25	45	0	0	0	
0.390625	1.5707963	-0.00013688	6	25	45	2	1	3	
0.390625	3.1415927	0	6	25	45	1	1	2	
0.390625	4.712389	-0.00013688	6	25	45	2	3	4	
0.390625	6.2831853	-0.0002746582	6	25	45	0	1	1	

0.40625	0	-0.00094604492	5	13	23	0	0	0	
0.40625	0.78539816	0.00026511706	5	13	23	3	1	5	
0.40625	1.5707963	-0.0011915973	5	13	23	2	1	3	
0.40625	2.3561945	0.00026511706	5	13	23	3	3	6	
0.40625	3.1415927	0	5	13	23	1	1	2	
0.40625	3.9269908	0.00026511706	5	13	23	3	5	7	
0.40625	4.712389	-0.0011915973	5	13	23	2	3	4	
0.40625	5.4977871	0.00026511706	5	13	23	3	7	8	
0.40625	6.2831853	-0.00094604492	5	13	23	0	1	1	

0.421875	0	-0.00012207031	6	27	46	0	0	0	
0.421875	1.5707963	-0.00029411485	6	27	46	2	1	3	
0.421875	3.1415927	0	6	27	46	1	1	2	
0.421875	4.712389	-0.00029411485	6	27	46	2	3	4	
0.421875	6.2831853	-0.00012207031	6	27	46	0	1	1	

0.4375	0	-0.0045166016	4	7	12	0	0	0	
0.4375	0.39269908	0.00032194872	4	7	12	4	1	9	
0.4375	0.78539816	-2.6171049e-05	4	7	12	3	1	5	
0.4375	1.1780972	-0.00031148126	4	7	12	4	3	10	
0.4375	1.5707963	-0.0037803624	4	7	12	2	1	3	
0.4375	1.9634954	-0.00031148126	4	7	12	4	5	11	
0.4375	2.3561945	-2.6171049e-05	4	7	12	3	3	6	
0.4375	2.7488936	0.00032194872	4	7	12	4	7	12	
0.4375	3.1415927	0	4	7	12	1	1	2	
0.4375	3.5342917	0.00032194872	4	7	12	4	9	13	
0.4375	3.9269908	-2.6171049e-05	4	7	12	3	5	7	
0.4375	4.3196899	-0.00031148126	4	7	12	4	11	14	
0.4375	4.712389	-0.0037803624	4	7	12	2	3	4	
0.4375	5.1050881	-0.00031148126	4	7	12	4	13	15	
0.4375	5.4977871	-2.6171049e-05	4	7	12	3	7	8	
0.4375	5.8904862	0.00032194872	4	7	12	4	15	16	
0.4375	6.2831853	-0.0045166016	4	7	12	0	1	1	

0.453125	0	-3.0517578e-05	6	29	47	0	0	0	
0.453125	3.1415927	0	6	29	47	1	1	2	
0.453125	6.2831853	-3.0517578e-05	6	29	47	0	1	1	

0.46875	0	-0.0013122559	5	15	24	0	0	0	
0.46875	1.5707963	-0.00088502381	5	15	24	2	1	3	
0.46875	3.1415927	0	5	15	24	1	1	2	
0.46875	4.712389	-0.00088502381	5	15	24	2	3	4	
0.46875	6.2831853	-0.0013122559	5	15	24	0	1	1	

0.484375	0	0	6	31	48	0	0	0	
0.484375	3.1415927	0	6	31	48	1	1	2	
0.484375	6.2831853	0	6	31	48	0	1	1	

0.5	0	-0.4375	1	1	2	0	0	0	
0.5	0.024543693	0.00027379032	1	1	2	8	1	129	
0.5	0.049087385	0.0010951613	1	1	2	7	1	65	
0.5	0.073631078	0.00027379032	1	1	2	8	3	130	
0.5	0.09817477	0.0047503276	1	1	2	6	1	33	
0.5	0.12271846	0.00033308971	1	1	2	8	5	131	
0.5	0.14726216	0.0011544607	1	1	2	7	3	66	
0.5	0.17180585	0.00027379032	1	1	2	8	7	132	
0.5	0.19634954	0.016909899	1	1	2	5	1	17	
0.5	0.22089323	0.0003198643	1	1	2	8	9	133	
0.5	0.24543693	0.00098881626	1	1	2	7	5	67	
0.5	0.26998062	0.00025542465	1	1	2	8	11	134	
0.5	0.29452431	0.0038497776	1	1	2	6	3	34	
0.5	0.319068	0.00034711442	1	1	2	8	13	135	
0.5	0.3436117	0.0010755029	1	1	2	7	7	68	
0.5	0.36815539	0.00023358402	1	1	2	8	15	136	
0.5	0.39269908	0.050029706	1	1	2	4	1	9	
0.5	0.41724277	0.00032484507	1	1	2	8	17	137	
0.5	0.44178647	0.0008987003	1	1	2	7	9	69	
0.5	0.46633016	0.00016427235	1	1	2	8	19	138	
0.5	0.49087385	0.0024310108	1	1	2	6	5	35	
0.5	0.51541754	0.00021067945	1	1	2	8	21	139	
0.5	0.53996124	0.00082692963	1	1	2	7	11	70	
0.5	0.56450493	0.0002776018	1	1	2	8	23	140	
0.5	0.58904862	0.0071277682	1	1	2	5	3	18	
0.5	0.61359232	0.00012752384	1	1	2	8	25	141	
0.5	0.63813601	0.00085160653	1	1	2	7	13	71	
0.5	0.6626797	0.00014677007	1	1	2	8	27	142	
0.5	0.68722339	0.00093659768	1	1	2	6	7	36	
0.5	0.71176709	0.00022656301	1	1	2	8	29	143	
0.5	0.73631078	0.00058703913	1	1	2	7	15	72	
0.5	0.76085447	0.00020089022	1	1	2	8	31	144	
0.5	0.78539816	-0.00022445382	1	1	2	3	1	5	
0.5	0.80994186	0.00018192529	1	1	2	8	33	145	
0.5	0.83448555	0.00054146363	1	1	2	7	17	73	
0.5	0.85902924	0.00015533411	1	1	2	8	35	146	
0.5	0.88357293	-0.0008075086	1	1	2	6	9	37	
0.5	0.93266032	0.00042514311	1	1	2	7	19	74	
0.5	0.9817477	-0.0068145279	1	1	2	5	5	19	
0.5	1.0062914	0.00019188106	1	1	2	8	41	149	
0.5	1.0308351	-0.00055756514	1	1	2	7	21	75	
0.5	1.0553788	0.00010814476	1	1	2	8	43	150	
0.5	1.0799225	-0.0025112458	1	1	2	6	11	38	
0.5	1.1044662	2.220446e-16	1	1	2	8	45	151	
0.5	1.1290099	-0.00066345755	1	1	2	7	23	76	
0.5	1.1535536	3.4276726e-05	1	1	2	8	47	152	
0.5	1.1780972	-0.050098718	1	1	2	4	3	10	
0.5	1.2026409	6.3188518e-05	1	1	2	8	49	153	
0.5	1.2271846	-0.00082530495	1	1	2	7	25	77	
0.5	1.2517283	-1.110223e-16	1	1	2	8	51	154	
0.5	1.276272	-0.0038169884	1	1	2	6	13	39	
0.5	1.3008157	2.0019581e-05	1	1	2	8	53	155	
0.5	1.3253594	-0.00092152197	1	1	2	7	27	78	
0.5	1.3499031	0	1	1	2	8	55	156	
0.5	1.3744468	-0.016925208	1	1	2	5	7	20	
0.5	1.3989905	-1.110223e-16	1	1	2	8	57	157	
0.5	1.4235342	-0.0011278778	1	1	2	7	29	79	
0.5	1.4480779	0	1	1	2	8	59	158	
0.5	1.4726216	-0.0045361801	1	1	2	6	15	40	
0.5	1.4971652	-3.3306691e-16	1	1	2	8	61	159	
0.5	1.5217089	-0.0011388455	1	1	2	7	31	80	
0.5	1.5462526	0	1	1	2	8	63	160	
0.5	1.5707963	-0.48175438	1	1	2	2	1	3	
0.5	1.59534	0	1	1	2	8	65	161	
0.5	1.6198837	-0.0011388455	1	1	2	7	33	81	
0.5	1.6444274	0	1	1	2	8	67	162	
0.5	1.6689711	-0.0045361801	1	1	2	6	17	41	
0.5	1.6935148	-1.110223e-16	1	1	2	8	69	163	
0.5	1.7180585	-0.0011278778	1	1	2	7	35	82	
0.5	1.7426022	0	1	1	2	8	71	164	
0.5	1.7671459	-0.016925208	1	1	2	5	9	21	
0.5	1.7916896	0	1	1	2	8	73	165	
0.5	1.8162333	-0.00092152197	1	1	2	7	37	83	
0.5	1.8407769	2.0019581e-05	1	1	2	8	75	166	
0.5	1.8653206	-0.0038169884	1	1	2	6	19	42	
0.5	1.8898643	0	1	1	2	8	77	167	
0.5	1.914408	-0.00082530495	1	1	2	7	39	84	
0.5	1.9389517	6.3188518e-05	1	1	2	8	79	168	
0.5	1.9634954	-0.050098718	1	1	2	4	5	11	
0.5	1.9880391	3.4276726e-05	1	1	2	8	81	169	
0.5	2.0125828	-0.00066345755	1	1	2	7	41	85	
0.5	2.0371265	0	1	1	2	8	83	170	
0.5	2.0616702	-0.0025112458	1	1	2	6	21	43	
0.5	2.0862139	0.00010814476	1	1	2	8	85	171	
0.5	2.1107576	-0.00055756514	1	1	2	7	43	86	
0.5	2.1353013	0.00019188106	1	1	2	8	87	172	
0.5	2.1598449	-0.0068145279	1	1	2	5	11	22	
0.5	2.2089323	0.00042514311	1	1	2	7	45	87	
0.5	2.2580197	-0.0008075086	1	1	2	6	23	44	
0.5	2.2825634	0.00015533411	1	1	2	8	93	175	
0.5	2.3071071	0.00054146363	1	1	2	7	47	88	
0.5	2.3316508	0.00018192529	1	1	2	8	95	176	
0.5	2.3561945	-0.00022445382	1	1	2	3	3	6	
0.5	2.3807382	0.00020089022	1	1	2	8	97	177	
0.5	2.4052819	0.00058703913	1	1	2	7	49	89	
0.5	2.4298256	0.00022656301	1	1	2	8	99	178	
0.5	2.4543693	0.00093659768	1	1	2	6	25	45	
0.5	2.478913	0.00014677007	1	1	2	8	101	179	
0.5	2.5034566	0.00085160653	1	1	2	7	51	90	
0.5	2.5280003	0.00012752384	1	1	2	8	103	180	
0.5	2.552544	0.0071277682	1	1	2	5	13	23	
0.5	2.5770877	0.0002776018	1	1	2	8	105	181	
0.5	2.6016314	0.00082692963	1	1	2	7	53	91	
0.5	2.6261751	0.00021067945	1	1	2	8	107	182	
0.5	2.6507188	0.0024310108	1	1	2	6	27	46	
0.5	2.6752625	0.00016427235	1	1	2	8	109	183	
0.5	2.6998062	0.0008987003	1	1	2	7	55	92	
0.5	2.7243499	0.00032484507	1	1	2	8	111	184	
0.5	2.7488936	0.050029706	1	1	2	4	7	12	
0.5	2.7734373	0.00023358402	1	1	2	8	113	185	
0.5	2.797981	0.0010755029	1	1	2	7	57	93	
0.5	2.8225246	0.00034711442	1	1	2	8	115	186	
0.5	2.8470683	0.0038497776	1	1	2	6	29	47	
0.5	2.871612	0.00025542465	1	1	2	8	117	187	
0.5	2.8961557	0.00098881626	1	1	2	7	59	94	
0.5	2.9206994	0.0003198643	1	1	2	8	119	188	
0.5	2.9452431	0.016909899	1	1	2	5	15	24	
0.5	2.9697868	0.00027379032	1	1	2	8	121	189	
0.5	2.9943305	0.0011544607	1	1	2	7	61	95	
0.5	3.0188742	0.00033308971	1	1	2	8	123	190	
0.5	3.0434179	0.0047503276	1	1	2	6	31	48	
0.5	3.0679616	0.00027379032	1	1	2	8	125	191	
0.5	3.0925053	0.0010951613	1	1	2	7	63	96	
0.5	3.117049	0.00027379032	1	1	2	8	127	192	
0.5	3.1415927	0	1	1	2	1	1	2	
0.5	3.1661363	0.00027379032	1	1	2	8	129	193	
0.5	3.19068	0.0010951613	1	1	2	7	65	97	
0.5	3.2152237	0.00027379032	1	1	2	8	131	194	
0.5	3.2397674	0.0047503276	1	1	2	6	33	49	
0.5	3.2643111	0.00033308971	1	1	2	8	133	195	
0.5	3.2888548	0.0011544607	1	1	2	7	67	98	
0.5	3.3133985	0.00027379032	1	1	2	8	135	196	
0.5	3.3379422	0.016909899	1	1	2	5	17	25	
0.5	3.3624859	0.0003198643	1	1	2	8	137	197	
0.5	3.3870296	0.00098881626	1	1	2	7	69	99	
0.5	3.4115733	0.00025542465	1	1	2	8	139	198	
0.5	3.436117	0.0038497776	1	1	2	6	35	50	
0.5	3.4606607	0.00034711442	1	1	2	8	141	199	
0.5	3.4852044	0.0010755029	1	1	2	7	71	100	
0.5	3.509748	0.00023358402	1	1	2	8	143	200	
0.5	3.5342917	0.050029706	1	1	2	4	9	13	
0.5	3.5588354	0.00032484507	1	1	2	8	145	201	
0.5	3.5833791	0.0008987003	1	1	2	7	73	101	
0.5	3.6079228	0.00016427235	1	1	2	8	147	202	
0.5	3.6324665	0.0024310108	1	1	2	6	37	51	
0.5	3.6570102	0.00021067945	1	1	2	8	149	203	
0.5	3.6815539	0.00082692963	1	1	2	7	75	102	
0.5	3.7060976	0.0002776018	1	1	2	8	151	204	
0.5	3.7306413	0.0071277682	1	1	2	5	19	26	
0.5	3.755185	0.00012752384	1	1	2	8	153	205	
0.5	3.7797287	0.00085160653	1	1	2	7	77	103	
0.5	3.8042724	0.00014677007	1	1	2	8	155	206	
0.5	3.828816	0.00093659768	1	1	2	6	39	52	
0.5	3.8533597	0.00022656301	1	1	2	8	157	207	
0.5	3.8779034	0.00058703913	1	1	2	7	79	104	
0.5	3.9024471	0.00020089022	1	1	2	8	159	208	
0.5	3.9269908	-0.00022445382	1	1	2	3	5	7	
0.5	3.9515345	0.00018192529	1	1	2	8	161	209	
0.5	3.9760782	0.00054146363	1	1	2	7	81	105	
0.5	4.0006219	0.00015533411	1	1	2	8	163	210	
0.5	4.0251656	-0.0008075086	1	1	2	6	41	53	
0.5	4.074253	0.00042514311	1	1	2	7	83	106	
0.5	4.1233404	-0.0068145279	1	1	2	5	21	27	
0.5	4.1478841	0.00019188106	1	1	2	8	169	213	
0.5	4.1724277	-0.00055756514	1	1	2	7	85	107	
0.5	4.1969714	0.00010814476	1	1	2	8	171	214	
0.5	4.2215151	-0.0025112458	1	1	2	6	43	54	
0.5	4.2460588	1.110223e-16	1	1	2	8	173	215	
0.5	4.2706025	-0.00066345755	1	1	2	7	87	108	
0.5	4.2951462	3.4276726e-05	1	1	2	8	175	216	
0.5	4.3196899	-0.050098718	1	1	2	4	11	14	
0.5	4.3442336	6.3188518e-05	1	1	2	8	177	217	
0.5	4.3687773	-0.00082530495	1	1	2	7	89	109	
0.5	4.393321	0	1	1	2	8	179	218	
0.5	4.4178647	-0.0038169884	1	1	2	6	45	55	
0.5	4.4424084	2.0019581e-05	1	1	2	8	181	219	
0.5	4.4669521	-0.00092152197	1	1	2	7	91	110	
0.5	4.4914957	3.3306691e-16	1	1	2	8	183	220	
0.5	4.5160394	-0.016925208	1	1	2	5	23	28	
0.5	4.5405831	1.110223e-16	1	1	2	8	185	221	
0.5	4.5651268	-0.0011278778	1	1	2	7	93	111	
0.5	4.5896705	-1.110223e-16	1	1	2	8	187	222	
0.5	4.6142142	-0.0045361801	1	1	2	6	47	56	
0.5	4.6387579	-1.110223e-16	1	1	2	8	189	223	
0.5	4.6633016	-0.0011388455	1	1	2	7	95	112	
0.5	4.6878453	-2.220446e-16	1	1	2	8	191	224	
0.5	4.712389	-0.48175438	1	1	2	2	3	4	
0.5	4.7369327	-2.220446e-16	1	1	2	8	193	225	
0.5	4.7614764	-0.0011388455	1	1	2	7	97	113	
0.5	4.7860201	0	1	1	2	8	195	226	
0.5	4.8105638	-0.0045361801	1	1	2	6	49	57	
0.5	4.8351074	-2.220446e-16	1	1	2	8	197	227	
0.5	4.8596511	-0.0011278778	1	1	2	7	99	114	
0.5	4.8841948	-1.110223e-16	1	1	2	8	199	228	
0.5	4.9087385	-0.016925208	1	1	2	5	25	29	
0.5	4.9332822	1.110223e-16	1	1	2	8	201	229	
0.5	4.9578259	-0.00092152197	1	1	2	7	101	115	
0.5	4.9823696	2.0019581e-05	1	1	2	8	203	230	
0.5	5.0069133	-0.0038169884	1	1	2	6	51	58	
0.5	5.031457	2.220446e-16	1	1	2	8	205	231	
0.5	5.0560007	-0.00082530495	1	1	2	7	103	116	
0.5	5.0805444	6.3188518e-05	1	1	2	8	207	232	
0.5	5.1050881	-0.050098718	1	1	2	4	13	15	
0.5	5.1296318	3.4276726e-05	1	1	2	8	209	233	
0.5	5.1541754	-0.00066345755	1	1	2	7	105	117	
0.5	5.1787191	0	1	1	2	8	211	234	
0.5	5.2032628	-0.0025112458	1	1	2	6	53	59	
0.5	5.2278065	0.00010814476	1	1	2	8	213	235	
0.5	5.2523502	-0.00055756514	1	1	2	7	107	118	
0.5	5.2768939	0.00019188106	1	1	2	8	215	236	
0.5	5.3014376	-0.0068145279	1	1	2	5	27	30	
0.5	5.350525	0.00042514311	1	1	2	7	109	119	
0.5	5.3996124	-0.0008075086	1	1	2	6	55	60	
0.5	5.4241561	0.00015533411	1	1	2	8	221	239	
0.5	5.4486998	0.00054146363	1	1	2	7	111	120	
0.5	5.4732435	0.00018192529	1	1	2	8	223	240	
0.5	5.4977871	-0.00022445382	1	1	2	3	7	8	
0.5	5.5223308	0.00020089022	1	1	2	8	225	241	
0.5	5.5468745	0.00058703913	1	1	2	7	113	121	
0.5	5.5714182	0.00022656301	1	1	2	8	227	242	
0.5	5.5959619	0.00093659768	1	1	2	6	57	61	
0.5	5.6205056	0.00014677007	1	1	2	8	229	243	
0.5	5.6450493	0.00085160653	1	1	2	7	115	122	
0.5	5.669593	0.00012752384	1	1	2	8	231	244	
0.5	5.6941367	0.0071277682	1	1	2	5	29	31	
0.5	5.7186804	0.0002776018	1	1	2	8	233	245	
0.5	5.7432241	0.00082692963	1	1	2	7	117	123	
0.5	5.7677678	0.00021067945	1	1	2	8	235	246	
0.5	5.7923115	0.0024310108	1	1	2	6	59	62	
0.5	5.8168551	0.00016427235	1	1	2	8	237	247	
0.5	5.8413988	0.0008987003	1	1	2	7	119	124	
0.5	5.8659425	0.00032484507	1	1	2	8	239	248	
0.5	5.8904862	0.050029706	1	1	2	4	15	16	
0.5	5.9150299	0.00023358402	1	1	2	8	241	249	
0.5	5.9395736	0.0010755029	1	1	2	7	121	125	
0.5	5.9641173	0.00034711442	1	1	2	8	243	250	
0.5	5.988661	0.0038497776	1	1	2	6	61	63	
0.5	6.0132047	0.00025542465	1	1	2	8	245	251	
0.5	6.0377484	0.00098881626	1	1	2	7	123	126	
0.5	6.0622921	0.0003198643	1	1	2	8	247	252	
0.5	6.0868358	0.016909899	1	1	2	5	31	32	
0.5	6.1113795	0.00027379032	1	1	2	8	249	253	
0.5	6.1359232	0.0011544607	1	1	2	7	125	127	
0.5	6.1604668	0.00033308971	1	1	2	8	251	254	
0.5	6.1850105	0.0047503276	1	1	2	6	63	64	
0.5	6.2095542	0.00027379032	1	1	2	8	253	255	
0.5	6.2340979	0.0010951613	1	1	2	7	127	128	
0.5	6.2586416	0.00027379032	1	1	2	8	255	256	
0.5	6.2831853	-0.4375	1	1	2	0	1	1	

0.515625	0	-6.1035156e-05	6	33	49	0	0	0	
0.515625	3.1415927	0	6	33	49	1	1	2	
0.515625	6.2831853	-6.1035156e-05	6	33	49	0	1	1	

0.53125	0	-0.0010986328	5	17	25	0	0	0	
0.53125	1.5707963	-0.0003229776	5	17	25	2	1	3	
0.53125	3.1415927	0	5	17	25	1	1	2	
0.53125	4.712389	-0.0003229776	5	17	25	2	3	4	
0.53125	6.2831853	-0.0010986328	5	17	25	0	1	1	

0.546875	0	-0.00012207031	6	35	50	0	0	0	
0.546875	3.1415927	0	6	35	50	1	1	2	
0.546875	6.2831853	-0.00012207031	6	35	50	0	1	1	

0.5625	0	-0.0074462891	4	9	13	0	0	0	
0.5625	0.78539816	0.00024710692	4	9	13	3	1	5	
0.5625	1.5707963	-0.0014117718	4	9	13	2	1	3	
0.5625	2.3561945	0.00024710692	4	9	13	3	3	6	
0.5625	3.1415927	0	4	9	13	1	1	2	
0.5625	3.9269908	0.00024710692	4	9	13	3	5	7	
0.5625	4.712389	-0.0014117718	4	9	13	2	3	4	
0.5625	5.4977871	0.00024710692	4	9	13	3	7	8	
0.5625	6.2831853	-0.0074462891	4	9	13	0	1	1	

0.578125	0	-0.00030517578	6	37	51	0	0	0	
0.578125	3.1415927	0	6	37	51	1	1	2	
0.578125	6.2831853	-0.00030517578	6	37	51	0	1	1	

0.59375	0	-0.0013427734	5	19	26	0	0	0	
0.59375	1.5707963	-0.00036403827	5	19	26	2	1	3	
0.59375	3.1415927	0	5	19	26	1	1	2	
0.59375	4.712389	-0.00036403827	5	19	26	2	3	4	
0.59375	6.2831853	-0.0013427734	5	19	26	0	1	1	

0.609375	0	-0.00048828125	6	39	52	0	0	0	
0.609375	3.1415927	0	6	39	52	1	1	2	
0.609375	6.2831853	-0.00048828125	6	39	52	0	1	1	

0.625	0	-0.036621094	3	5	7	0	0	0	
0.625	0.78539816	3.5652225e-05	3	5	7	3	1	5	
0.625	1.5707963	-0.0036566995	3	5	7	2	1	3	
0.625	2.3561945	3.5652225e-05	3	5	7	3	3	6	
0.625	3.1415927	0	3	5	7	1	1	2	
0.625	3.9269908	3.5652225e-05	3	5	7	3	5	7	
0.625	4.712389	-0.0036566995	3	5	7	2	3	4	
0.625	5.4977871	3.5652225e-05	3	5	7	3	7	8	
0.625	6.2831853	-0.036621094	3	5	7	0	1	1	

0.640625	0	-0.00048828125	6	41	53	0	0	0	
0.640625	3.1415927	0	6	41	53	1	1	2	
0.640625	6.2831853	-0.00048828125	6	41	53	0	1	1	

0.65625	0	-0.0017089844	5	21	27	0	0	0	
0.65625	3.1415927	0	5	21	27	1	1	2	
0.65625	6.2831853	-0.0017089844	5	21	27	0	1	1	

0.671875	0	-0.00030517578	6	43	54	0	0	0	
0.671875	3.1415927	0	6	43	54	1	1	2	
0.671875	6.2831853	-0.00030517578	6	43	54	0	1	1	

0.6875	0	-0.011108398	4	11	14	0	0	0	
0.6875	1.5707963	-0.00071105603	4	11	14	2	1	3	
0.6875	3.1415927	0	4	11	14	1	1	2	
0.6875	4.712389	-0.00071105603	4	11	14	2	3	4	
0.6875	6.2831853	-0.011108398	4	11	14	0	1	1	

0.703125	0	-0.00054931641	6	45	55	0	0	0	
0.703125	3.1415927	0	6	45	55	1	1	2	
0.703125	6.2831853	-0.00054931641	6	45	55	0	1	1	

0.71875	0	-0.0018310547	5	23	28	0	0	0	
0.71875	3.1415927	0	5	23	28	1	1	2	
0.71875	6.2831853	-0.0018310547	5	23	28	0	1	1	

0.734375	0	-0.00042724609	6	47	56	0	0	0	
0.734375	3.1415927	0	6	47	56	1	1	2	
0.734375	6.2831853	-0.00042724609	6	47	56	0	1	1	

0.75	0	-0.21484375	2	3	4	0	0	0	
0.75	0.049087385	1.6653345e-16	2	3	4	7	1	65	
0.75	0.09817477	8.3266727e-17	2	3	4	6	1	33	
0.75	0.14726216	2.7755576e-17	2	3	4	7	3	66	
0.75	0.19634954	0.00032094642	2	3	4	5	1	17	
0.75	0.29452431	6.9828948e-05	2	3	4	6	3	34	
0.75	0.3436117	1.110223e-16	2	3	4	7	7	68	
0.75	0.39269908	0.00079060626	2	3	4	4	1	9	
0.75	0.49087385	0.00014813495	2	3	4	6	5	35	
0.75	0.58904862	-1.6132913e-05	2	3	4	5	3	18	
0.75	0.78539816	-4.3633706e-05	2	3	4	3	1	5	
0.75	0.9817477	-0.00012546838	2	3	4	5	5	19	
0.75	1.0799225	-3.2966392e-05	2	3	4	6	11	38	
0.75	1.1780972	-0.00057242258	2	3	4	4	3	10	
0.75	1.276272	-5.5826534e-05	2	3	4	6	13	39	
0.75	1.3744468	-0.00022831942	2	3	4	5	7	20	
0.75	1.4235342	-1.4435481e-05	2	3	4	7	29	79	
0.75	1.4726216	-5.8057657e-05	2	3	4	6	15	40	
0.75	1.5217089	-1.4575854e-05	2	3	4	7	31	80	
0.75	1.5707963	-0.0068376684	2	3	4	2	1	3	
0.75	1.6198837	-1.4575854e-05	2	3	4	7	33	81	
0.75	1.6689711	-5.8057657e-05	2	3	4	6	17	41	
0.75	1.7180585	-1.4435481e-05	2	3	4	7	35	82	
0.75	1.7671459	-0.00022831942	2	3	4	5	9	21	
0.75	1.8653206	-5.5826534e-05	2	3	4	6	19	42	
0.75	1.9634954	-0.00057242258	2	3	4	4	5	11	
0.75	2.0616702	-3.2966392e-05	2	3	4	6	21	43	
0.75	2.1598449	-0.00012546838	2	3	4	5	11	22	
0.75	2.3561945	-4.3633706e-05	2	3	4	3	3	6	
0.75	2.552544	-1.6132913e-05	2	3	4	5	13	23	
0.75	2.6507188	0.00014813495	2	3	4	6	27	46	
0.75	2.7488936	0.00079060626	2	3	4	4	7	12	
0.75	2.797981	1.110223e-16	2	3	4	7	57	93	
0.75	2.8470683	6.9828948e-05	2	3	4	6	29	47	
0.75	2.9452431	0.00032094642	2	3	4	5	15	24	
0.75	2.9943305	2.7755576e-17	2	3	4	7	61	95	
0.75	3.0434179	8.3266727e-17	2	3	4	6	31	48	
0.75	3.0925053	1.6653345e-16	2	3	4	7	63	96	
0.75	3.1415927	0	2	3	4	1	1	2	
0.75	3.19068	-3.0531133e-16	2	3	4	7	65	97	
0.75	3.2397674	-8.3266727e-17	2	3	4	6	33	49	
0.75	3.2888548	-3.3306691e-16	2	3	4	7	67	98	
0.75	3.3379422	0.00032094642	2	3	4	5	17	25	
0.75	3.436117	6.9828948e-05	2	3	4	6	35	50	
0.75	3.4852044	-1.6653345e-16	2	3	4	7	71	100	
0.75	3.5342917	0.00079060626	2	3	4	4	9	13	
0.75	3.6324665	0.00014813495	2	3	4	6	37	51	
0.75	3.7306413	-1.6132913e-05	2	3	4	5	19	26	
0.75	3.9269908	-4.3633706e-05	2	3	4	3	5	7	
0.75	4.1233404	-0.00012546838	2	3	4	5	21	27	
0.75	4.2215151	-3.2966392e-05	2	3	4	6	43	54	
0.75	4.3196899	-0.00057242258	2	3	4	4	11	14	
0.75	4.4178647	-5.5826534e-05	2	3	4	6	45	55	
0.75	4.5160394	-0.00022831942	2	3	4	5	23	28	
0.75	4.5651268	-1.4435481e-05	2	3	4	7	93	111	
0.75	4.6142142	-5.8057657e-05	2	3	4	6	47	56	
0.75	4.6633016	-1.4575854e-05	2	3	4	7	95	112	
0.75	4.712389	-0.0068376684	2	3	4	2	3	4	
0.75	4.7614764	-1.4575854e-05	2	3	4	7	97	113	
0.75	4.8105638	-5.8057657e-05	2	3	4	6	49	57	
0.75	4.8596511	-1.4435481e-05	2	3	4	7	99	114	
0.75	4.9087385	-0.00022831942	2	3	4	5	25	29	
0.75	5.0069133	-5.5826534e-05	2	3	4	6	51	58	
0.75	5.1050881	-0.00057242258	2	3	4	4	13	15	
0.75	5.2032628	-3.2966392e-05	2	3	4	6	53	59	
0.75	5.3014376	-0.00012546838	2	3	4	5	27	30	
0.75	5.4977871	-4.3633706e-05	2	3	4	3	7	8	
0.75	5.6941367	-1.6132913e-05	2	3	4	5	29	31	
0.75	5.7923115	0.00014813495	2	3	4	6	59	62	
0.75	5.8904862	0.00079060626	2	3	4	4	15	16	
0.75	5.9395736	-1.3877788e-16	2	3	4	7	121	125	
0.75	5.988661	6.9828948e-05	2	3	4	6	61	63	
0.75	6.0868358	0.00032094642	2	3	4	5	31	32	
0.75	6.1359232	-4.4408921e-16	2	3	4	7	125	127	
0.75	6.1850105	-1.6653345e-16	2	3	4	6	63	64	
0.75	6.2340979	-1.110223e-16	2	3	4	7	127	128	
0.75	6.2831853	-0.21484375	2	3	4	0	1	1	

0.765625	0	-0.00054931641	6	49	57	0	0	0	
0.765625	3.1415927	0	6	49	57	1	1	2	
0.765625	6.2831853	-0.00054931641	6	49	57	0	1	1	

0.78125	0	-0.0021972656	5	25	29	0	0	0	
0.78125	3.1415927	0	5	25	29	1	1	2	
0.78125	6.2831853	-0.0021972656	5	25	29	0	1	1	

0.796875	0	-0.00054931641	6	51	58	0	0	0	
0.796875	3.1415927	0	6	51	58	1	1	2	
0.796875	6.2831853	-0.00054931641	6	51	58	0	1	1	

0.8125	0	-0.01550293	4	13	15	0	0	0	
0.8125	1.5707963	-0.00014708346	4	13	15	2	1	3	
0.8125	3.1415927	0	4	13	15	1	1	2	
0.8125	4.712389	-0.00014708346	4	13	15	2	3	4	
0.8125	6.2831853	-0.01550293	4	13	15	0	1	1	

0.828125	0	-0.00079345703	6	53	59	0	0	0	
0.828125	3.1415927	0	6	53	59	1	1	2	
0.828125	6.2831853	-0.00079345703	6	53	59	0	1	1	

0.84375	0	-0.0028076172	5	27	30	0	0	0	
0.84375	3.1415927	0	5	27	30	1	1	2	
0.84375	6.2831853	-0.0028076172	5	27	30	0	1	1	

0.859375	0	-0.00067138672	6	55	60	0	0	0	
0.859375	3.1415927	0	6	55	60	1	1	2	
0.859375	6.2831853	-0.00067138672	6	55	60	0	1	1	

0.875	0	-0.071777344	3	7	8	0	0	0	
0.875	1.5707963	-0.00069971996	3	7	8	2	1	3	
0.875	3.1415927	0	3	7	8	1	1	2	
0.875	4.712389	-0.00069971996	3	7	8	2	3	4	
0.875	6.2831853	-0.071777344	3	7	8	0	1	1	

0.890625	0	-0.00079345703	6	57	61	0	0	0	
0.890625	3.1415927	0	6	57	61	1	1	2	
0.890625	6.2831853	-0.00079345703	6	57	61	0	1	1	

0.90625	0	-0.0031738281	5	29	31	0	0	0	
0.90625	3.1415927	0	5	29	31	1	1	2	
0.90625	6.2831853	-0.0031738281	5	29	31	0	1	1	

0.921875	0	-0.00079345703	6	59	62	0	0	0	
0.921875	3.1415927	0	6	59	62	1	1	2	
0.921875	6.2831853	-0.00079345703	6	59	62	0	1	1	

0.9375	0	-0.020629883	4	15	16	0	0	0	
0.9375	3.1415927	0	4	15	16	1	1	2	
0.9375	6.2831853	-0.020629883	4	15	16	0	1	1	

0.953125	0	-0.00091552734	6	61	63	0	0	0	
0.953125	3.1415927	0	6	61	63	1	1	2	
0.953125	6.2831853	-0.00091552734	6	61	63	0	1	1	

0.96875	0	-0.0036621094	5	31	32	0	0	0	
0.96875	3.1415927	0	5	31	32	1	1	2	
0.96875	6.2831853	-0.0036621094	5	31	32	0	1	1	

0.984375	0	-0.00091552734	6	63	64	0	0	0	
0.984375	3.1415927	0	6	63	64	1	1	2	
0.984375	6.2831853	-0.00091552734	6	63	64	0	1	1	

1	0	1	0	1	1	0	0	0	
1	0.024543693	0	0	1	1	8	1	129	
1	0.049087385	0	0	1	1	7	1	65	
1	0.073631078	0	0	1	1	8	3	130	
1	0.09817477	0	0	1	1	6	1	33	
1	0.12271846	2.220446e-16	0	1	1	8	5	131	
1	0.14726216	0	0	1	1	7	3	66	
1	0.17180585	0	0	1	1	8	7	132	
1	0.19634954	2.145566e-06	0	1	1	5	1	17	
1	0.22089323	2.220446e-16	0	1	1	8	9	133	
1	0.24543693	-2.220446e-16	0	1	1	7	5	67	
1	0.26998062	2.220446e-16	0	1	1	8	11	134	
1	0.29452431	8.0005004e-07	0	1	1	6	3	34	
1	0.319068	2.220446e-16	0	1	1	8	13	135	
1	0.3436117	-2.220446e-16	0	1	1	7	7	68	
1	0.36815539	2.220446e-16	0	1	1	8	15	136	
1	0.39269908	1.6672979e-05	0	1	1	4	1	9	
1	0.41724277	0	0	1	1	8	17	137	
1	0.44178647	0	0	1	1	7	9	69	
1	0.46633016	0	0	1	1	8	19	138	
1	0.49087385	1.2992108e-06	0	1	1	6	5	35	
1	0.51541754	2.220446e-16	0	1	1	8	21	139	
1	0.53996124	0	0	1	1	7	11	70	
1	0.56450493	-2.220446e-16	0	1	1	8	23	140	
1	0.58904862	6.1100549e-06	0	1	1	5	3	18	
1	0.61359232	-2.220446e-16	0	1	1	8	25	141	
1	0.63813601	0	0	1	1	7	13	71	
1	0.6626797	2.220446e-16	0	1	1	8	27	142	
1	0.68722339	1.7484435e-06	0	1	1	6	7	36	
1	0.71176709	0	0	1	1	8	29	143	
1	0.73631078	0	0	1	1	7	15	72	
1	0.76085447	-4.4408921e-16	0	1	1	8	31	144	
1	0.78539816	0.00011854041	0	1	1	3	1	5	
1	0.80994186	-2.220446e-16	0	1	1	8	33	145	
1	0.83448555	0	0	1	1	7	17	73	
1	0.85902924	0	0	1	1	8	35	146	
1	0.88357293	2.1304846e-06	0	1	1	6	9	37	
1	0.93266032	2.220446e-16	0	1	1	7	19	74	
1	0.9817477	9.1443434e-06	0	1	1	5	5	19	
1	1.0062914	0	0	1	1	8	41	149	
1	1.0308351	5.9134998e-07	0	1	1	7	21	75	
1	1.0553788	0	0	1	1	8	43	150	
1	1.0799225	2.4306524e-06	0	1	1	6	11	38	
1	1.1044662	0	0	1	1	8	45	151	
1	1.1290099	6.2324381e-07	0	1	1	7	23	76	
1	1.1535536	-2.220446e-16	0	1	1	8	47	152	
1	1.1780972	4.0252132e-05	0	1	1	4	3	10	
1	1.2026409	0	0	1	1	8	49	153	
1	1.2271846	6.4913547e-07	0	1	1	7	25	77	
1	1.2517283	2.220446e-16	0	1	1	8	51	154	
1	1.276272	2.6374115e-06	0	1	1	6	13	39	
1	1.3008157	0	0	1	1	8	53	155	
1	1.3253594	6.6877559e-07	0	1	1	7	27	78	
1	1.3499031	-2.220446e-16	0	1	1	8	55	156	
1	1.3744468	1.0786488e-05	0	1	1	5	7	20	
1	1.3989905	2.220446e-16	0	1	1	8	57	157	
1	1.4235342	6.8197505e-07	0	1	1	7	29	79	
1	1.4480779	-2.220446e-16	0	1	1	8	59	158	
1	1.4726216	2.7428164e-06	0	1	1	6	15	40	
1	1.4971652	2.220446e-16	0	1	1	8	61	159	
1	1.5217089	6.886067e-07	0	1	1	7	31	80	
1	1.5462526	-2.220446e-16	0	1	1	8	63	160	
1	1.5707963	0.00057236372	0	1	1	2	1	3	
1	1.59534	-2.220446e-16	0	1	1	8	65	161	
1	1.6198837	6.886067e-07	0	1	1	7	33	81	
1	1.6444274	2.220446e-16	0	1	1	8	67	162	
1	1.6689711	2.7428164e-06	0	1	1	6	17	41	
1	1.6935148	0	0	1	1	8	69	163	
1	1.7180585	6.8197505e-07	0	1	1	7	35	82	
1	1.7426022	2.220446e-16	0	1	1	8	71	164	
1	1.7671459	1.0786488e-05	0	1	1	5	9	21	
1	1.7916896	-2.220446e-16	0	1	1	8	73	165	
1	1.8162333	6.6877559e-07	0	1	1	7	37	83	
1	1.8407769	0	0	1	1	8	75	166	
1	1.8653206	2.6374115e-06	0	1	1	6	19	42	
1	1.8898643	2.220446e-16	0	1	1	8	77	167	
1	1.914408	6.4913547e-07	0	1	1	7	39	84	
1	1.9389517	0	0	1	1	8	79	168	
1	1.9634954	4.0252132e-05	0	1	1	4	5	11	
1	1.9880391	-2.220446e-16	0	1	1	8	81	169	
1	2.0125828	6.2324381e-07	0	1	1	7	41	85	
1	2.0371265	0	0	1	1	8	83	170	
1	2.0616702	2.4306524e-06	0	1	1	6	21	43	
1	2.0862139	0	0	1	1	8	85	171	
1	2.1107576	5.9134998e-07	0	1	1	7	43	86	
1	2.1353013	0	0	1	1	8	87	172	
1	2.1598449	9.1443434e-06	0	1	1	5	11	22	
1	2.2089323	2.220446e-16	0	1	1	7	45	87	
1	2.2580197	2.1304846e-06	0	1	1	6	23	44	
1	2.2825634	0	0	1	1	8	93	175	
1	2.3071071	0	0	1	1	7	47	88	
1	2.3316508	-2.220446e-16	0	1	1	8	95	176	
1	2.3561945	0.00011854041	0	1	1	3	3	6	
1	2.3807382	-4.4408921e-16	0	1	1	8	97	177	
1	2.4052819	0	0	1	1	7	49	89	
1	2.4298256	0	0	1	1	8	99	178	
1	2.4543693	1.7484435e-06	0	1	1	6	25	45	
1	2.478913	2.220446e-16	0	1	1	8	101	179	
1	2.5034566	0	0	1	1	7	51	90	
1	2.5280003	-2.220446e-16	0	1	1	8	103	180	
1	2.552544	6.1100549e-06	0	1	1	5	13	23	
1	2.5770877	-2.220446e-16	0	1	1	8	105	181	
1	2.6016314	0	0	1	1	7	53	91	
1	2.6261751	2.220446e-16	0	1	1	8	107	182	
1	2.6507188	1.2992108e-06	0	1	1	6	27	46	
1	2.6752625	0	0	1	1	8	109	183	
1	2.6998062	0	0	1	1	7	55	92	
1	2.7243499	0	0	1	1	8	111	184	
1	2.7488936	1.6672979e-05	0	1	1	4	7	12	
1	2.7734373	2.220446e-16	0	1	1	8	113	185	
1	2.797981	-2.220446e-16	0	1	1	7	57	93	
1	2.8225246	2.220446e-16	0	1	1	8	115	186	
1	2.8470683	8.0005004e-07	0	1	1	6	29	47	
1	2.871612	2.220446e-16	0	1	1	8	117	187	
1	2.8961557	-2.220446e-16	0	1	1	7	59	94	
1	2.9206994	2.220446e-16	0	1	1	8	119	188	
1	2.9452431	2.145566e-06	0	1	1	5	15	24	
1	2.9697868	0	0	1	1	8	121	189	
1	2.9943305	0	0	1	1	7	61	95	
1	3.0188742	2.220446e-16	0	1	1	8	123	190	
1	3.0434179	0	0	1	1	6	31	48	
1	3.0679616	0	0	1	1	8	125	191	
1	3.0925053	0	0	1	1	7	63	96	
1	3.117049	0	0	1	1	8	127	192	
1	3.1415927	0	0	1	1	1	1	2	
1	3.1661363	-2.220446e-16	0	1	1	8	129	193	
1	3.19068	2.220446e-16	0	1	1	7	65	97	
1	3.2152237	0	0	1	1	8	131	194	
1	3.2397674	2.220446e-16	0	1	1	6	33	49	
1	3.2643111	2.220446e-16	0	1	1	8	133	195	
1	3.2888548	2.220446e-16	0	1	1	7	67	98	
1	3.3133985	0	0	1	1	8	135	196	
1	3.3379422	2.145566e-06	0	1	1	5	17	25	
1	3.3624859	4.4408921e-16	0	1	1	8	137	197	
1	3.3870296	0	0	1	1	7	69	99	
1	3.4115733	0	0	1	1	8	139	198	
1	3.436117	8.0005004e-07	0	1	1	6	35	50	
1	3.4606607	0	0	1	1	8	141	199	
1	3.4852044	0	0	1	1	7	71	100	
1	3.509748	2.220446e-16	0	1	1	8	143	200	
1	3.5342917	1.6672979e-05	0	1	1	4	9	13	
1	3.5588354	0	0	1	1	8	145	201	
1	3.5833791	-2.220446e-16	0	1	1	7	73	101	
1	3.6079228	2.220446e-16	0	1	1	8	147	202	
1	3.6324665	1.2992108e-06	0	1	1	6	37	51	
1	3.6570102	2.220446e-16	0	1	1	8	149	203	
1	3.6815539	0	0	1	1	7	75	102	
1	3.7060976	0	0	1	1	8	151	204	
1	3.7306413	6.1100549e-06	0	1	1	5	19	26	
1	3.755185	-2.220446e-16	0	1	1	8	153	205	
1	3.7797287	0	0	1	1	7	77	103	
1	3.8042724	0	0	1	1	8	155	206	
1	3.828816	1.7484435e-06	0	1	1	6	39	52	
1	3.8533597	2.220446e-16	0	1	1	8	157	207	
1	3.8779034	0	0	1	1	7	79	104	
1	3.9024471	-4.4408921e-16	0	1	1	8	159	208	
1	3.9269908	0.00011854041	0	1	1	3	5	7	
1	3.9515345	-2.220446e-16	0	1	1	8	161	209	
1	3.9760782	0	0	1	1	7	81	105	
1	4.0006219	-2.220446e-16	0	1	1	8	163	210	
1	4.0251656	2.1304846e-06	0	1	1	6	41	53	
1	4.074253	0	0	1	1	7	83	106	
1	4.1233404	9.1443434e-06	0	1	1	5	21	27	
1	4.1478841	2.220446e-16	0	1	1	8	169	213	
1	4.1724277	5.9134998e-07	0	1	1	7	85	107	
1	4.1969714	0	0	1	1	8	171	214	
1	4.2215151	2.4306524e-06	0	1	1	6	43	54	
1	4.2460588	0	0	1	1	8	173	215	
1	4.2706025	6.2324381e-07	0	1	1	7	87	108	
1	4.2951462	-2.220446e-16	0	1	1	8	175	216	
1	4.3196899	4.0252132e-05	0	1	1	4	11	14	
1	4.3442336	-2.220446e-16	0	1	1	8	177	217	
1	4.3687773	6.4913547e-07	0	1	1	7	89	109	
1	4.393321	-2.220446e-16	0	1	1	8	179	218	
1	4.4178647	2.6374115e-06	0	1	1	6	45	55	
1	4.4424084	-2.220446e-16	0	1	1	8	181	219	
1	4.4669521	6.6877559e-07	0	1	1	7	91	110	
1	4.4914957	-2.220446e-16	0	1	1	8	183	220	
1	4.5160394	1.0786488e-05	0	1	1	5	23	28	
1	4.5405831	2.220446e-16	0	1	1	8	185	221	
1	4.5651268	6.8197505e-07	0	1	1	7	93	111	
1	4.5896705	0	0	1	1	8	187	222	
1	4.6142142	2.7428164e-06	0	1	1	6	47	56	
1	4.6387579	2.220446e-16	0	1	1	8	189	223	
1	4.6633016	6.886067e-07	0	1	1	7	95	112	
1	4.6878453	0	0	1	1	8	191	224	
1	4.712389	0.00057236372	0	1	1	2	3	4	
1	4.7369327	0	0	1	1	8	193	225	
1	4.7614764	6.886067e-07	0	1	1	7	97	113	
1	4.7860201	2.220446e-16	0	1	1	8	195	226	
1	4.8105638	2.7428164e-06	0	1	1	6	49	57	
1	4.8351074	0	0	1	1	8	197	227	
1	4.8596511	6.8197505e-07	0	1	1	7	99	114	
1	4.8841948	2.220446e-16	0	1	1	8	199	228	
1	4.9087385	1.0786488e-05	0	1	1	5	25	29	
1	4.9332822	-2.220446e-16	0	1	1	8	201	229	
1	4.9578259	6.6877559e-07	0	1	1	7	101	115	
1	4.9823696	-2.220446e-16	0	1	1	8	203	230	
1	5.0069133	2.6374115e-06	0	1	1	6	51	58	
1	5.031457	-2.220446e-16	0	1	1	8	205	231	
1	5.0560007	6.4913547e-07	0	1	1	7	103	116	
1	5.0805444	-2.220446e-16	0	1	1	8	207	232	
1	5.1050881	4.0252132e-05	0	1	1	4	13	15	
1	5.1296318	-2.220446e-16	0	1	1	8	209	233	
1	5.1541754	6.2324381e-07	0	1	1	7	105	117	
1	5.1787191	0	0	1	1	8	211	234	
1	5.2032628	2.4306524e-06	0	1	1	6	53	59	
1	5.2278065	0	0	1	1	8	213	235	
1	5.2523502	5.9134998e-07	0	1	1	7	107	118	
1	5.2768939	2.220446e-16	0	1	1	8	215	236	
1	5.3014376	9.1443434e-06	0	1	1	5	27	30	
1	5.350525	0	0	1	1	7	109	119	
1	5.3996124	2.1304846e-06	0	1	1	6	55	60	
1	5.4241561	-2.220446e-16	0	1	1	8	221	239	
1	5.4486998	0	0	1	1	7	111	120	
1	5.4732435	-2.220446e-16	0	1	1	8	223	240	
1	5.4977871	0.00011854041	0	1	1	3	7	8	
1	5.5223308	-4.4408921e-16	0	1	1	8	225	241	
1	5.5468745	0	0	1	1	7	113	121	
1	5.5714182	2.220446e-16	0	1	1	8	227	242	
1	5.5959619	1.7484435e-06	0	1	1	6	57	61	
1	5.6205056	0	0	1	1	8	229	243	
1	5.6450493	0	0	1	1	7	115	122	
1	5.669593	-2.220446e-16	0	1	1	8	231	244	
1	5.6941367	6.1100549e-06	0	1	1	5	29	31	
1	5.7186804	0	0	1	1	8	233	245	
1	5.7432241	0	0	1	1	7	117	123	
1	5.7677678	2.220446e-16	0	1	1	8	235	246	
1	5.7923115	1.2992108e-06	0	1	1	6	59	62	
1	5.8168551	2.220446e-16	0	1	1	8	237	247	
1	5.8413988	-2.220446e-16	0	1	1	7	119	124	
1	5.8659425	0	0	1	1	8	239	248	
1	5.8904862	1.6672979e-05	0	1	1	4	15	16	
1	5.9150299	2.220446e-16	0	1	1	8	241	249	
1	5.9395736	0	0	1	1	7	121	125	
1	5.9641173	0	0	1	1	8	243	250	
1	5.988661	8.0005004e-07	0	1	1	6	61	63	
1	6.0132047	0	0	1	1	8	245	251	
1	6.0377484	0	0	1	1	7	123	126	
1	6.0622921	4.4408921e-16	0	1	1	8	247	252	
1	6.0868358	2.145566e-06	0	1	1	5	31	32	
1	6.1113795	0	0	1	1	8	249	253	
1	6.1359232	2.220446e-16	0	1	1	7	125	127	
1	6.1604668	2.220446e-16	0	1	1	8	251	254	
1	6.1850105	2.220446e-16	0	1	1	6	63	64	
1	6.2095542	0	0	1	1	8	253	255	
1	6.2340979	2.220446e-16	0	1	1	7	127	128	
1	6.2586416	-2.220446e-16	0	1	1	8	255	256	
1	6.2831853	1	0	1	1	0	1	1	

