# ordering=colwise,  basis=BASIS_NODAL, number points=1089, (max)level(s): (5,5), domain=[0,1] x [0,6.2831853]
# x_i : coordinates; (l_i,i_i): multiindex coords; scalaridx_i: linearized multiindex coords
x_0	x_1	f(x)	l_0	i_0	scalaridx_0	l_1	i_1	scalaridx_1	
0	0	0	0	0	0	0	0	0	
0	0.19634954	0.038239818	0	0	0	5	1	17	
0	0.39269908	0.14662768	0	0	0	4	1	9	
0	0.58904862	0.30882682	0	0	0	5	3	18	
0	0.78539816	0.50022829	0	0	0	3	1	5	
0	0.9817477	0.69157467	0	0	0	5	5	19	
0	1.1780972	0.85379351	0	0	0	4	3	10	
0	1.3744468	0.96217102	0	0	0	5	7	20	
0	1.5707963	1	0	0	0	2	1	3	
0	1.7671459	0.96217102	0	0	0	5	9	21	
0	1.9634954	0.85379351	0	0	0	4	5	11	
0	2.1598449	0.69157467	0	0	0	5	11	22	
0	2.3561945	0.50022829	0	0	0	3	3	6	
0	2.552544	0.30882682	0	0	0	5	13	23	
0	2.7488936	0.14662768	0	0	0	4	7	12	
0	2.9452431	0.038239818	0	0	0	5	15	24	
0	3.1415927	6.9388939e-18	0	0	0	1	1	2	
0	3.3379422	0.038239818	0	0	0	5	17	25	
0	3.5342917	0.14662768	0	0	0	4	9	13	
0	3.7306413	0.30882682	0	0	0	5	19	26	
0	3.9269908	0.50022829	0	0	0	3	5	7	
0	4.1233404	0.69157467	0	0	0	5	21	27	
0	4.3196899	0.85379351	0	0	0	4	11	14	
0	4.5160394	0.96217102	0	0	0	5	23	28	
0	4.712389	1	0	0	0	2	3	4	
0	4.9087385	0.96217102	0	0	0	5	25	29	
0	5.1050881	0.85379351	0	0	0	4	13	15	
0	5.3014376	0.69157467	0	0	0	5	27	30	
0	5.4977871	0.50022829	0	0	0	3	7	8	
0	5.6941367	0.30882682	0	0	0	5	29	31	
0	5.8904862	0.14662768	0	0	0	4	15	16	
0	6.0868358	0.038239818	0	0	0	5	31	32	
0	6.2831853	6.9388939e-18	0	0	0	0	1	1	

0.03125	0	3.0517578e-05	5	1	17	0	0	0	
0.03125	0.19634954	0.030093496	5	1	17	5	1	17	
0.03125	0.39269908	0.1146012	5	1	17	4	1	9	
0.03125	0.58904862	0.24129102	5	1	17	5	3	18	
0.03125	0.78539816	0.38946059	5	1	17	3	1	5	
0.03125	0.9817477	0.53949733	5	1	17	5	5	19	
0.03125	1.1780972	0.66566286	5	1	17	4	3	10	
0.03125	1.3744468	0.75043314	5	1	17	5	7	20	
0.03125	1.5707963	0.77900938	5	1	17	2	1	3	
0.03125	1.7671459	0.75043314	5	1	17	5	9	21	
0.03125	1.9634954	0.66566286	5	1	17	4	5	11	
0.03125	2.1598449	0.53949733	5	1	17	5	11	22	
0.03125	2.3561945	0.38946059	5	1	17	3	3	6	
0.03125	2.552544	0.24129102	5	1	17	5	13	23	
0.03125	2.7488936	0.1146012	5	1	17	4	7	12	
0.03125	2.9452431	0.030093496	5	1	17	5	15	24	
0.03125	3.1415927	3.0517578e-05	5	1	17	1	1	2	
0.03125	3.3379422	0.030093496	5	1	17	5	17	25	
0.03125	3.5342917	0.1146012	5	1	17	4	9	13	
0.03125	3.7306413	0.24129102	5	1	17	5	19	26	
0.03125	3.9269908	0.38946059	5	1	17	3	5	7	
0.03125	4.1233404	0.53949733	5	1	17	5	21	27	
0.03125	4.3196899	0.66566286	5	1	17	4	11	14	
0.03125	4.5160394	0.75043314	5	1	17	5	23	28	
0.03125	4.712389	0.77900938	5	1	17	2	3	4	
0.03125	4.9087385	0.75043314	5	1	17	5	25	29	
0.03125	5.1050881	0.66566286	5	1	17	4	13	15	
0.03125	5.3014376	0.53949733	5	1	17	5	27	30	
0.03125	5.4977871	0.38946059	5	1	17	3	7	8	
0.03125	5.6941367	0.24129102	5	1	17	5	29	31	
0.03125	5.8904862	0.1146012	5	1	17	4	15	16	
0.03125	6.0868358	0.030093496	5	1	17	5	31	32	
0.03125	6.2831853	3.0517578e-05	5	1	17	0	1	1	

0.0625	0	0.00012207031	4	1	9	0	0	0	
0.0625	0.19634954	0.023542434	4	1	9	5	1	17	
0.0625	0.39269908	0.089612364	4	1	9	4	1	9	
0.0625	0.58904862	0.18832983	4	1	9	5	3	18	
0.0625	0.78539816	0.30361695	4	1	9	3	1	5	
0.0625	0.9817477	0.420139	4	1	9	5	5	19	
0.0625	1.1780972	0.51785178	4	1	9	4	3	10	
0.0625	1.3744468	0.58451495	4	1	9	5	7	20	
0.0625	1.5707963	0.60672327	4	1	9	2	1	3	
0.0625	1.7671459	0.58451495	4	1	9	5	9	21	
0.0625	1.9634954	0.51785178	4	1	9	4	5	11	
0.0625	2.1598449	0.420139	4	1	9	5	11	22	
0.0625	2.3561945	0.30361695	4	1	9	3	3	6	
0.0625	2.552544	0.18832983	4	1	9	5	13	23	
0.0625	2.7488936	0.089612364	4	1	9	4	7	12	
0.0625	2.9452431	0.023542434	4	1	9	5	15	24	
0.0625	3.1415927	0.00012207031	4	1	9	1	1	2	
0.0625	3.3379422	0.023542434	4	1	9	5	17	25	
0.0625	3.5342917	0.089612364	4	1	9	4	9	13	
0.0625	3.7306413	0.18832983	4	1	9	5	19	26	
0.0625	3.9269908	0.30361695	4	1	9	3	5	7	
0.0625	4.1233404	0.420139	4	1	9	5	21	27	
0.0625	4.3196899	0.51785178	4	1	9	4	11	14	
0.0625	4.5160394	0.58451495	4	1	9	5	23	28	
0.0625	4.712389	0.60672327	4	1	9	2	3	4	
0.0625	4.9087385	0.58451495	4	1	9	5	25	29	
0.0625	5.1050881	0.51785178	4	1	9	4	13	15	
0.0625	5.3014376	0.420139	4	1	9	5	27	30	
0.0625	5.4977871	0.30361695	4	1	9	3	7	8	
0.0625	5.6941367	0.18832983	4	1	9	5	29	31	
0.0625	5.8904862	0.089612364	4	1	9	4	15	16	
0.0625	6.0868358	0.023542434	4	1	9	5	31	32	
0.0625	6.2831853	0.00012207031	4	1	9	0	1	1	

0.09375	0	0.0002746582	5	3	18	0	0	0	
0.09375	0.19634954	0.018685284	5	3	18	5	1	17	
0.09375	0.39269908	0.069960963	5	3	18	4	1	9	
0.09375	0.58904862	0.14707284	5	3	18	5	3	18	
0.09375	0.78539816	0.23669948	5	3	18	3	1	5	
0.09375	0.9817477	0.32780557	5	3	18	5	5	19	
0.09375	1.1780972	0.40416137	5	3	18	4	3	10	
0.09375	1.3744468	0.45560205	5	3	18	5	7	20	
0.09375	1.5707963	0.47264775	5	3	18	2	1	3	
0.09375	1.7671459	0.45560205	5	3	18	5	9	21	
0.09375	1.9634954	0.40416137	5	3	18	4	5	11	
0.09375	2.1598449	0.32780557	5	3	18	5	11	22	
0.09375	2.3561945	0.23669948	5	3	18	3	3	6	
0.09375	2.552544	0.14707284	5	3	18	5	13	23	
0.09375	2.7488936	0.069960963	5	3	18	4	7	12	
0.09375	2.9452431	0.018685284	5	3	18	5	15	24	
0.09375	3.1415927	0.0002746582	5	3	18	1	1	2	
0.09375	3.3379422	0.018685284	5	3	18	5	17	25	
0.09375	3.5342917	0.069960963	5	3	18	4	9	13	
0.09375	3.7306413	0.14707284	5	3	18	5	19	26	
0.09375	3.9269908	0.23669948	5	3	18	3	5	7	
0.09375	4.1233404	0.32780557	5	3	18	5	21	27	
0.09375	4.3196899	0.40416137	5	3	18	4	11	14	
0.09375	4.5160394	0.45560205	5	3	18	5	23	28	
0.09375	4.712389	0.47264775	5	3	18	2	3	4	
0.09375	4.9087385	0.45560205	5	3	18	5	25	29	
0.09375	5.1050881	0.40416137	5	3	18	4	13	15	
0.09375	5.3014376	0.32780557	5	3	18	5	27	30	
0.09375	5.4977871	0.23669948	5	3	18	3	7	8	
0.09375	5.6941367	0.14707284	5	3	18	5	29	31	
0.09375	5.8904862	0.069960963	5	3	18	4	15	16	
0.09375	6.0868358	0.018685284	5	3	18	5	31	32	
0.09375	6.2831853	0.0002746582	5	3	18	0	1	1	

0.125	0	0.00048828125	3	1	5	0	0	0	
0.125	0.19634954	0.014799228	3	1	5	5	1	17	
0.125	0.39269908	0.054601985	3	1	5	4	1	9	
0.125	0.58904862	0.11474551	3	1	5	5	3	18	
0.125	0.78539816	0.18462305	3	1	5	3	1	5	
0.125	0.9817477	0.25493484	3	1	5	5	5	19	
0.125	1.1780972	0.31455529	3	1	5	4	3	10	
0.125	1.3744468	0.35440007	3	1	5	5	7	20	
0.125	1.5707963	0.36860377	3	1	5	2	1	3	
0.125	1.7671459	0.35440007	3	1	5	5	9	21	
0.125	1.9634954	0.31455529	3	1	5	4	5	11	
0.125	2.1598449	0.25493484	3	1	5	5	11	22	
0.125	2.3561945	0.18462305	3	1	5	3	3	6	
0.125	2.552544	0.11474551	3	1	5	5	13	23	
0.125	2.7488936	0.054601985	3	1	5	4	7	12	
0.125	2.9452431	0.014799228	3	1	5	5	15	24	
0.125	3.1415927	0.00048828125	3	1	5	1	1	2	
0.125	3.3379422	0.014799228	3	1	5	5	17	25	
0.125	3.5342917	0.054601985	3	1	5	4	9	13	
0.125	3.7306413	0.11474551	3	1	5	5	19	26	
0.125	3.9269908	0.18462305	3	1	5	3	5	7	
0.125	4.1233404	0.25493484	3	1	5	5	21	27	
0.125	4.3196899	0.31455529	3	1	5	4	11	14	
0.125	4.5160394	0.35440007	3	1	5	5	23	28	
0.125	4.712389	0.36860377	3	1	5	2	3	4	
0.125	4.9087385	0.35440007	3	1	5	5	25	29	
0.125	5.1050881	0.31455529	3	1	5	4	13	15	
0.125	5.3014376	0.25493484	3	1	5	5	27	30	
0.125	5.4977871	0.18462305	3	1	5	3	7	8	
0.125	5.6941367	0.11474551	3	1	5	5	29	31	
0.125	5.8904862	0.054601985	3	1	5	4	15	16	
0.125	6.0868358	0.014799228	3	1	5	5	31	32	
0.125	6.2831853	0.00048828125	3	1	5	0	1	1	

0.15625	0	0.00076293945	5	5	19	0	0	0	
0.15625	0.19634954	0.011744896	5	5	19	5	1	17	
0.15625	0.39269908	0.04327531	5	5	19	4	1	9	
0.15625	0.58904862	0.090169453	5	5	19	5	3	18	
0.15625	0.78539816	0.14478964	5	5	19	3	1	5	
0.15625	0.9817477	0.19992275	5	5	19	5	5	19	
0.15625	1.1780972	0.24615667	5	5	19	4	3	10	
0.15625	1.3744468	0.27726399	5	5	19	5	7	20	
0.15625	1.5707963	0.287377	5	5	19	2	1	3	
0.15625	1.7671459	0.27726399	5	5	19	5	9	21	
0.15625	1.9634954	0.24615667	5	5	19	4	5	11	
0.15625	2.1598449	0.19992275	5	5	19	5	11	22	
0.15625	2.3561945	0.14478964	5	5	19	3	3	6	
0.15625	2.552544	0.090169453	5	5	19	5	13	23	
0.15625	2.7488936	0.04327531	5	5	19	4	7	12	
0.15625	2.9452431	0.011744896	5	5	19	5	15	24	
0.15625	3.1415927	0.00076293945	5	5	19	1	1	2	
0.15625	3.3379422	0.011744896	5	5	19	5	17	25	
0.15625	3.5342917	0.04327531	5	5	19	4	9	13	
0.15625	3.7306413	0.090169453	5	5	19	5	19	26	
0.15625	3.9269908	0.14478964	5	5	19	3	5	7	
0.15625	4.1233404	0.19992275	5	5	19	5	21	27	
0.15625	4.3196899	0.24615667	5	5	19	4	11	14	
0.15625	4.5160394	0.27726399	5	5	19	5	23	28	
0.15625	4.712389	0.287377	5	5	19	2	3	4	
0.15625	4.9087385	0.27726399	5	5	19	5	25	29	
0.15625	5.1050881	0.24615667	5	5	19	4	13	15	
0.15625	5.3014376	0.19992275	5	5	19	5	27	30	
0.15625	5.4977871	0.14478964	5	5	19	3	7	8	
0.15625	5.6941367	0.090169453	5	5	19	5	29	31	
0.15625	5.8904862	0.04327531	5	5	19	4	15	16	
0.15625	6.0868358	0.011744896	5	5	19	5	31	32	
0.15625	6.2831853	0.00076293945	5	5	19	0	1	1	

0.1875	0	0.0013427734	4	3	10	0	0	0	
0.1875	0.19634954	0.010035379	4	3	10	5	1	17	
0.1875	0.39269908	0.034333089	4	3	10	4	1	9	
0.1875	0.58904862	0.070866163	4	3	10	5	3	18	
0.1875	0.78539816	0.11311732	4	3	10	3	1	5	
0.1875	0.9817477	0.15602676	4	3	10	5	5	19	
0.1875	1.1780972	0.19182916	4	3	10	4	3	10	
0.1875	1.3744468	0.21637478	4	3	10	5	7	20	
0.1875	1.5707963	0.22457287	4	3	10	2	1	3	
0.1875	1.7671459	0.21637478	4	3	10	5	9	21	
0.1875	1.9634954	0.19182916	4	3	10	4	5	11	
0.1875	2.1598449	0.15602676	4	3	10	5	11	22	
0.1875	2.3561945	0.11311732	4	3	10	3	3	6	
0.1875	2.552544	0.070866163	4	3	10	5	13	23	
0.1875	2.7488936	0.034333089	4	3	10	4	7	12	
0.1875	2.9452431	0.010035379	4	3	10	5	15	24	
0.1875	3.1415927	0.0013427734	4	3	10	1	1	2	
0.1875	3.3379422	0.010035379	4	3	10	5	17	25	
0.1875	3.5342917	0.034333089	4	3	10	4	9	13	
0.1875	3.7306413	0.070866163	4	3	10	5	19	26	
0.1875	3.9269908	0.11311732	4	3	10	3	5	7	
0.1875	4.1233404	0.15602676	4	3	10	5	21	27	
0.1875	4.3196899	0.19182916	4	3	10	4	11	14	
0.1875	4.5160394	0.21637478	4	3	10	5	23	28	
0.1875	4.712389	0.22457287	4	3	10	2	3	4	
0.1875	4.9087385	0.21637478	4	3	10	5	25	29	
0.1875	5.1050881	0.19182916	4	3	10	4	13	15	
0.1875	5.3014376	0.15602676	4	3	10	5	27	30	
0.1875	5.4977871	0.11311732	4	3	10	3	7	8	
0.1875	5.6941367	0.070866163	4	3	10	5	29	31	
0.1875	5.8904862	0.034333089	4	3	10	4	15	16	
0.1875	6.0868358	0.010035379	4	3	10	5	31	32	
0.1875	6.2831853	0.0013427734	4	3	10	0	1	1	

0.21875	0	0.002532959	5	7	20	0	0	0	
0.21875	0.19634954	0.0092332758	5	7	20	5	1	17	
0.21875	0.39269908	0.028296237	5	7	20	4	1	9	
0.21875	0.58904862	0.056770093	5	7	20	5	3	18	
0.21875	0.78539816	0.090060625	5	7	20	3	1	5	
0.21875	0.9817477	0.12355179	5	7	20	5	5	19	
0.21875	1.1780972	0.15151523	5	7	20	4	3	10	
0.21875	1.3744468	0.17053843	5	7	20	5	7	20	
0.21875	1.5707963	0.17652591	5	7	20	2	1	3	
0.21875	1.7671459	0.17053843	5	7	20	5	9	21	
0.21875	1.9634954	0.15151523	5	7	20	4	5	11	
0.21875	2.1598449	0.12355179	5	7	20	5	11	22	
0.21875	2.3561945	0.090060625	5	7	20	3	3	6	
0.21875	2.552544	0.056770093	5	7	20	5	13	23	
0.21875	2.7488936	0.028296237	5	7	20	4	7	12	
0.21875	2.9452431	0.0092332758	5	7	20	5	15	24	
0.21875	3.1415927	0.002532959	5	7	20	1	1	2	
0.21875	3.3379422	0.0092332758	5	7	20	5	17	25	
0.21875	3.5342917	0.028296237	5	7	20	4	9	13	
0.21875	3.7306413	0.056770093	5	7	20	5	19	26	
0.21875	3.9269908	0.090060625	5	7	20	3	5	7	
0.21875	4.1233404	0.12355179	5	7	20	5	21	27	
0.21875	4.3196899	0.15151523	5	7	20	4	11	14	
0.21875	4.5160394	0.17053843	5	7	20	5	23	28	
0.21875	4.712389	0.17652591	5	7	20	2	3	4	
0.21875	4.9087385	0.17053843	5	7	20	5	25	29	
0.21875	5.1050881	0.15151523	5	7	20	4	13	15	
0.21875	5.3014376	0.12355179	5	7	20	5	27	30	
0.21875	5.4977871	0.090060625	5	7	20	3	7	8	
0.21875	5.6941367	0.056770093	5	7	20	5	29	31	
0.21875	5.8904862	0.028296237	5	7	20	4	15	16	
0.21875	6.0868358	0.0092332758	5	7	20	5	31	32	
0.21875	6.2831853	0.002532959	5	7	20	0	1	1	

0.25	0	0.00390625	2	1	3	0	0	0	
0.25	0.19634954	0.0093779134	2	1	3	5	1	17	
0.25	0.39269908	0.02396976	2	1	3	4	1	9	
0.25	0.58904862	0.045921165	2	1	3	5	3	18	
0.25	0.78539816	0.071787838	2	1	3	3	1	5	
0.25	0.9817477	0.097632217	2	1	3	5	5	19	
0.25	1.1780972	0.11952819	2	1	3	4	3	10	
0.25	1.3744468	0.13433272	2	1	3	5	7	20	
0.25	1.5707963	0.13941335	2	1	3	2	1	3	
0.25	1.7671459	0.13433272	2	1	3	5	9	21	
0.25	1.9634954	0.11952819	2	1	3	4	5	11	
0.25	2.1598449	0.097632217	2	1	3	5	11	22	
0.25	2.3561945	0.071787838	2	1	3	3	3	6	
0.25	2.552544	0.045921165	2	1	3	5	13	23	
0.25	2.7488936	0.02396976	2	1	3	4	7	12	
0.25	2.9452431	0.0093779134	2	1	3	5	15	24	
0.25	3.1415927	0.00390625	2	1	3	1	1	2	
0.25	3.3379422	0.0093779134	2	1	3	5	17	25	
0.25	3.5342917	0.02396976	2	1	3	4	9	13	
0.25	3.7306413	0.045921165	2	1	3	5	19	26	
0.25	3.9269908	0.071787838	2	1	3	3	5	7	
0.25	4.1233404	0.097632217	2	1	3	5	21	27	
0.25	4.3196899	0.11952819	2	1	3	4	11	14	
0.25	4.5160394	0.13433272	2	1	3	5	23	28	
0.25	4.712389	0.13941335	2	1	3	2	3	4	
0.25	4.9087385	0.13433272	2	1	3	5	25	29	
0.25	5.1050881	0.11952819	2	1	3	4	13	15	
0.25	5.3014376	0.097632217	2	1	3	5	27	30	
0.25	5.4977871	0.071787838	2	1	3	3	7	8	
0.25	5.6941367	0.045921165	2	1	3	5	29	31	
0.25	5.8904862	0.02396976	2	1	3	4	15	16	
0.25	6.0868358	0.0093779134	2	1	3	5	31	32	
0.25	6.2831853	0.00390625	2	1	3	0	1	1	

0.28125	0	0.0065002441	5	9	21	0	0	0	
0.28125	0.19634954	0.01060981	5	9	21	5	1	17	
0.28125	0.39269908	0.022106554	5	9	21	4	1	9	
0.28125	0.58904862	0.039293595	5	9	21	5	3	18	
0.28125	0.78539816	0.059667404	5	9	21	3	1	5	
0.28125	0.9817477	0.080168146	5	9	21	5	5	19	
0.28125	1.1780972	0.097308013	5	9	21	4	3	10	
0.28125	1.3744468	0.10882344	5	9	21	5	7	20	
0.28125	1.5707963	0.11213155	5	9	21	2	1	3	
0.28125	1.7671459	0.10882344	5	9	21	5	9	21	
0.28125	1.9634954	0.097308013	5	9	21	4	5	11	
0.28125	2.1598449	0.080168146	5	9	21	5	11	22	
0.28125	2.3561945	0.059667404	5	9	21	3	3	6	
0.28125	2.552544	0.039293595	5	9	21	5	13	23	
0.28125	2.7488936	0.022106554	5	9	21	4	7	12	
0.28125	2.9452431	0.01060981	5	9	21	5	15	24	
0.28125	3.1415927	0.0065002441	5	9	21	1	1	2	
0.28125	3.3379422	0.01060981	5	9	21	5	17	25	
0.28125	3.5342917	0.022106554	5	9	21	4	9	13	
0.28125	3.7306413	0.039293595	5	9	21	5	19	26	
0.28125	3.9269908	0.059667404	5	9	21	3	5	7	
0.28125	4.1233404	0.080168146	5	9	21	5	21	27	
0.28125	4.3196899	0.097308013	5	9	21	4	11	14	
0.28125	4.5160394	0.10882344	5	9	21	5	23	28	
0.28125	4.712389	0.11213155	5	9	21	2	3	4	
0.28125	4.9087385	0.10882344	5	9	21	5	25	29	
0.28125	5.1050881	0.097308013	5	9	21	4	13	15	
0.28125	5.3014376	0.080168146	5	9	21	5	27	30	
0.28125	5.4977871	0.059667404	5	9	21	3	7	8	
0.28125	5.6941367	0.039293595	5	9	21	5	29	31	
0.28125	5.8904862	0.022106554	5	9	21	4	15	16	
0.28125	6.0868358	0.01060981	5	9	21	5	31	32	
0.28125	6.2831853	0.0065002441	5	9	21	0	1	1	

0.3125	0	0.0096435547	4	5	11	0	0	0	
0.3125	0.19634954	0.013023079	4	5	11	5	1	17	
0.3125	0.39269908	0.022056775	4	5	11	4	1	9	
0.3125	0.58904862	0.035264208	4	5	11	5	3	18	
0.3125	0.78539816	0.050929908	4	5	11	3	1	5	
0.3125	0.9817477	0.066995128	4	5	11	5	5	19	
0.3125	1.1780972	0.080287008	4	5	11	4	3	10	
0.3125	1.3744468	0.089421438	4	5	11	5	7	20	
0.3125	1.5707963	0.091865153	4	5	11	2	1	3	
0.3125	1.7671459	0.089421438	4	5	11	5	9	21	
0.3125	1.9634954	0.080287008	4	5	11	4	5	11	
0.3125	2.1598449	0.066995128	4	5	11	5	11	22	
0.3125	2.3561945	0.050929908	4	5	11	3	3	6	
0.3125	2.552544	0.035264208	4	5	11	5	13	23	
0.3125	2.7488936	0.022056775	4	5	11	4	7	12	
0.3125	2.9452431	0.013023079	4	5	11	5	15	24	
0.3125	3.1415927	0.0096435547	4	5	11	1	1	2	
0.3125	3.3379422	0.013023079	4	5	11	5	17	25	
0.3125	3.5342917	0.022056775	4	5	11	4	9	13	
0.3125	3.7306413	0.035264208	4	5	11	5	19	26	
0.3125	3.9269908	0.050929908	4	5	11	3	5	7	
0.3125	4.1233404	0.066995128	4	5	11	5	21	27	
0.3125	4.3196899	0.080287008	4	5	11	4	11	14	
0.3125	4.5160394	0.089421438	4	5	11	5	23	28	
0.3125	4.712389	0.091865153	4	5	11	2	3	4	
0.3125	4.9087385	0.089421438	4	5	11	5	25	29	
0.3125	5.1050881	0.080287008	4	5	11	4	13	15	
0.3125	5.3014376	0.066995128	4	5	11	5	27	30	
0.3125	5.4977871	0.050929908	4	5	11	3	7	8	
0.3125	5.6941367	0.035264208	4	5	11	5	29	31	
0.3125	5.8904862	0.022056775	4	5	11	4	15	16	
0.3125	6.0868358	0.013023079	4	5	11	5	31	32	
0.3125	6.2831853	0.0096435547	4	5	11	0	1	1	

0.34375	0	0.014129639	5	11	22	0	0	0	
0.34375	0.19634954	0.016753557	5	11	22	5	1	17	
0.34375	0.39269908	0.023798776	5	11	22	4	1	9	
0.34375	0.58904862	0.034140299	5	11	22	5	3	18	
0.34375	0.78539816	0.046430779	5	11	22	3	1	5	
0.34375	0.9817477	0.059000175	5	11	22	5	5	19	
0.34375	1.1780972	0.069383765	5	11	22	4	3	10	
0.34375	1.3744468	0.07634803	5	11	22	5	7	20	
0.34375	1.5707963	0.078138174	5	11	22	2	1	3	
0.34375	1.7671459	0.07634803	5	11	22	5	9	21	
0.34375	1.9634954	0.069383765	5	11	22	4	5	11	
0.34375	2.1598449	0.059000175	5	11	22	5	11	22	
0.34375	2.3561945	0.046430779	5	11	22	3	3	6	
0.34375	2.552544	0.034140299	5	11	22	5	13	23	
0.34375	2.7488936	0.023798776	5	11	22	4	7	12	
0.34375	2.9452431	0.016753557	5	11	22	5	15	24	
0.34375	3.1415927	0.014129639	5	11	22	1	1	2	
0.34375	3.3379422	0.016753557	5	11	22	5	17	25	
0.34375	3.5342917	0.023798776	5	11	22	4	9	13	
0.34375	3.7306413	0.034140299	5	11	22	5	19	26	
0.34375	3.9269908	0.046430779	5	11	22	3	5	7	
0.34375	4.1233404	0.059000175	5	11	22	5	21	27	
0.34375	4.3196899	0.069383765	5	11	22	4	11	14	
0.34375	4.5160394	0.07634803	5	11	22	5	23	28	
0.34375	4.712389	0.078138174	5	11	22	2	3	4	
0.34375	4.9087385	0.07634803	5	11	22	5	25	29	
0.34375	5.1050881	0.069383765	5	11	22	4	13	15	
0.34375	5.3014376	0.059000175	5	11	22	5	27	30	
0.34375	5.4977871	0.046430779	5	11	22	3	7	8	
0.34375	5.6941367	0.034140299	5	11	22	5	29	31	
0.34375	5.8904862	0.023798776	5	11	22	4	15	16	
0.34375	6.0868358	0.016753557	5	11	22	5	31	32	
0.34375	6.2831853	0.014129639	5	11	22	0	1	1	

0.375	0	0.020019531	3	3	6	0	0	0	
0.375	0.19634954	0.022231392	3	3	6	5	1	17	
0.375	0.39269908	0.027631681	3	3	6	4	1	9	
0.375	0.58904862	0.035575241	3	3	6	5	3	18	
0.375	0.78539816	0.044958448	3	3	6	3	1	5	
0.375	0.9817477	0.054653595	3	3	6	5	5	19	
0.375	1.1780972	0.06275047	3	3	6	4	3	10	
0.375	1.3744468	0.068166146	3	3	6	5	7	20	
0.375	1.5707963	0.069924294	3	3	6	2	1	3	
0.375	1.7671459	0.068166146	3	3	6	5	9	21	
0.375	1.9634954	0.06275047	3	3	6	4	5	11	
0.375	2.1598449	0.054653595	3	3	6	5	11	22	
0.375	2.3561945	0.044958448	3	3	6	3	3	6	
0.375	2.552544	0.035575241	3	3	6	5	13	23	
0.375	2.7488936	0.027631681	3	3	6	4	7	12	
0.375	2.9452431	0.022231392	3	3	6	5	15	24	
0.375	3.1415927	0.020019531	3	3	6	1	1	2	
0.375	3.3379422	0.022231392	3	3	6	5	17	25	
0.375	3.5342917	0.027631681	3	3	6	4	9	13	
0.375	3.7306413	0.035575241	3	3	6	5	19	26	
0.375	3.9269908	0.044958448	3	3	6	3	5	7	
0.375	4.1233404	0.054653595	3	3	6	5	21	27	
0.375	4.3196899	0.06275047	3	3	6	4	11	14	
0.375	4.5160394	0.068166146	3	3	6	5	23	28	
0.375	4.712389	0.069924294	3	3	6	2	3	4	
0.375	4.9087385	0.068166146	3	3	6	5	25	29	
0.375	5.1050881	0.06275047	3	3	6	4	13	15	
0.375	5.3014376	0.054653595	3	3	6	5	27	30	
0.375	5.4977871	0.044958448	3	3	6	3	7	8	
0.375	5.6941367	0.035575241	3	3	6	5	29	31	
0.375	5.8904862	0.027631681	3	3	6	4	15	16	
0.375	6.0868358	0.022231392	3	3	6	5	31	32	
0.375	6.2831853	0.020019531	3	3	6	0	1	1	

0.40625	0	0.027435303	5	13	23	0	0	0	
0.40625	0.19634954	0.029058742	5	13	23	5	1	17	
0.40625	0.39269908	0.033386521	5	13	23	4	1	9	
0.40625	0.58904862	0.039688126	5	13	23	5	3	18	
0.40625	0.78539816	0.047154347	5	13	23	3	1	5	
0.40625	0.9817477	0.054820035	5	13	23	5	5	19	
0.40625	1.1780972	0.061051054	5	13	23	4	3	10	
0.40625	1.3744468	0.065283952	5	13	23	5	7	20	
0.40625	1.5707963	0.066415046	5	13	23	2	1	3	
0.40625	1.7671459	0.065283952	5	13	23	5	9	21	
0.40625	1.9634954	0.061051054	5	13	23	4	5	11	
0.40625	2.1598449	0.054820035	5	13	23	5	11	22	
0.40625	2.3561945	0.047154347	5	13	23	3	3	6	
0.40625	2.552544	0.039688126	5	13	23	5	13	23	
0.40625	2.7488936	0.033386521	5	13	23	4	7	12	
0.40625	2.9452431	0.029058742	5	13	23	5	15	24	
0.40625	3.1415927	0.027435303	5	13	23	1	1	2	
0.40625	3.3379422	0.029058742	5	13	23	5	17	25	
0.40625	3.5342917	0.033386521	5	13	23	4	9	13	
0.40625	3.7306413	0.039688126	5	13	23	5	19	26	
0.40625	3.9269908	0.047154347	5	13	23	3	5	7	
0.40625	4.1233404	0.054820035	5	13	23	5	21	27	
0.40625	4.3196899	0.061051054	5	13	23	4	11	14	
0.40625	4.5160394	0.065283952	5	13	23	5	23	28	
0.40625	4.712389	0.066415046	5	13	23	2	3	4	
0.40625	4.9087385	0.065283952	5	13	23	5	25	29	
0.40625	5.1050881	0.061051054	5	13	23	4	13	15	
0.40625	5.3014376	0.054820035	5	13	23	5	27	30	
0.40625	5.4977871	0.047154347	5	13	23	3	7	8	
0.40625	5.6941367	0.039688126	5	13	23	5	29	31	
0.40625	5.8904862	0.033386521	5	13	23	4	15	16	
0.40625	6.0868358	0.029058742	5	13	23	5	31	32	
0.40625	6.2831853	0.027435303	5	13	23	0	1	1	

0.4375	0	0.036743164	4	7	12	0	0	0	
0.4375	0.19634954	0.037943522	4	7	12	5	1	17	
0.4375	0.39269908	0.041364132	4	7	12	4	1	9	
0.4375	0.58904862	0.046189124	4	7	12	5	3	18	
0.4375	0.78539816	0.0519037	4	7	12	3	1	5	
0.4375	0.9817477	0.057970385	4	7	12	5	5	19	
0.4375	1.1780972	0.062766006	4	7	12	4	3	10	
0.4375	1.3744468	0.066246585	4	7	12	5	7	20	
0.4375	1.5707963	0.067181082	4	7	12	2	1	3	
0.4375	1.7671459	0.066246585	4	7	12	5	9	21	
0.4375	1.9634954	0.062766006	4	7	12	4	5	11	
0.4375	2.1598449	0.057970385	4	7	12	5	11	22	
0.4375	2.3561945	0.0519037	4	7	12	3	3	6	
0.4375	2.552544	0.046189124	4	7	12	5	13	23	
0.4375	2.7488936	0.041364132	4	7	12	4	7	12	
0.4375	2.9452431	0.037943522	4	7	12	5	15	24	
0.4375	3.1415927	0.036743164	4	7	12	1	1	2	
0.4375	3.3379422	0.037943522	4	7	12	5	17	25	
0.4375	3.5342917	0.041364132	4	7	12	4	9	13	
0.4375	3.7306413	0.046189124	4	7	12	5	19	26	
0.4375	3.9269908	0.0519037	4	7	12	3	5	7	
0.4375	4.1233404	0.057970385	4	7	12	5	21	27	
0.4375	4.3196899	0.062766006	4	7	12	4	11	14	
0.4375	4.5160394	0.066246585	4	7	12	5	23	28	
0.4375	4.712389	0.067181082	4	7	12	2	3	4	
0.4375	4.9087385	0.066246585	4	7	12	5	25	29	
0.4375	5.1050881	0.062766006	4	7	12	4	13	15	
0.4375	5.3014376	0.057970385	4	7	12	5	27	30	
0.4375	5.4977871	0.0519037	4	7	12	3	7	8	
0.4375	5.6941367	0.046189124	4	7	12	5	29	31	
0.4375	5.8904862	0.041364132	4	7	12	4	15	16	
0.4375	6.0868358	0.037943522	4	7	12	5	31	32	
0.4375	6.2831853	0.036743164	4	7	12	0	1	1	

0.46875	0	0.048309326	5	15	24	0	0	0	
0.46875	0.19634954	0.049211418	5	15	24	5	1	17	
0.46875	0.39269908	0.051849675	5	15	24	4	1	9	
0.46875	0.58904862	0.055644817	5	15	24	5	3	18	
0.46875	0.78539816	0.060054511	5	15	24	3	1	5	
0.46875	0.9817477	0.064818082	5	15	24	5	5	19	
0.46875	1.1780972	0.06847419	5	15	24	4	3	10	
0.46875	1.3744468	0.071186854	5	15	24	5	7	20	
0.46875	1.5707963	0.071909161	5	15	24	2	1	3	
0.46875	1.7671459	0.071186854	5	15	24	5	9	21	
0.46875	1.9634954	0.06847419	5	15	24	4	5	11	
0.46875	2.1598449	0.064818082	5	15	24	5	11	22	
0.46875	2.3561945	0.060054511	5	15	24	3	3	6	
0.46875	2.552544	0.055644817	5	15	24	5	13	23	
0.46875	2.7488936	0.051849675	5	15	24	4	7	12	
0.46875	2.9452431	0.049211418	5	15	24	5	15	24	
0.46875	3.1415927	0.048309326	5	15	24	1	1	2	
0.46875	3.3379422	0.049211418	5	15	24	5	17	25	
0.46875	3.5342917	0.051849675	5	15	24	4	9	13	
0.46875	3.7306413	0.055644817	5	15	24	5	19	26	
0.46875	3.9269908	0.060054511	5	15	24	3	5	7	
0.46875	4.1233404	0.064818082	5	15	24	5	21	27	
0.46875	4.3196899	0.06847419	5	15	24	4	11	14	
0.46875	4.5160394	0.071186854	5	15	24	5	23	28	
0.46875	4.712389	0.071909161	5	15	24	2	3	4	
0.46875	4.9087385	0.071186854	5	15	24	5	25	29	
0.46875	5.1050881	0.06847419	5	15	24	4	13	15	
0.46875	5.3014376	0.064818082	5	15	24	5	27	30	
0.46875	5.4977871	0.060054511	5	15	24	3	7	8	
0.46875	5.6941367	0.055644817	5	15	24	5	29	31	
0.46875	5.8904862	0.051849675	5	15	24	4	15	16	
0.46875	6.0868358	0.049211418	5	15	24	5	31	32	
0.46875	6.2831853	0.048309326	5	15	24	0	1	1	

0.5	0	0.0625	1	1	2	0	0	0	
0.5	0.19634954	0.063325081	1	1	2	5	1	17	
0.5	0.39269908	0.065402241	1	1	2	4	1	9	
0.5	0.58904862	0.06838879	1	1	2	5	3	18	
0.5	0.78539816	0.071714859	1	1	2	3	1	5	
0.5	0.9817477	0.07539657	1	1	2	5	5	19	
0.5	1.1780972	0.078134421	1	1	2	4	3	10	
0.5	1.3744468	0.080300428	1	1	2	5	7	20	
0.5	1.5707963	0.081031798	1	1	2	2	1	3	
0.5	1.7671459	0.080300428	1	1	2	5	9	21	
0.5	1.9634954	0.078134421	1	1	2	4	5	11	
0.5	2.1598449	0.07539657	1	1	2	5	11	22	
0.5	2.3561945	0.071714859	1	1	2	3	3	6	
0.5	2.552544	0.06838879	1	1	2	5	13	23	
0.5	2.7488936	0.065402241	1	1	2	4	7	12	
0.5	2.9452431	0.063325081	1	1	2	5	15	24	
0.5	3.1415927	0.0625	1	1	2	1	1	2	
0.5	3.3379422	0.063325081	1	1	2	5	17	25	
0.5	3.5342917	0.065402241	1	1	2	4	9	13	
0.5	3.7306413	0.06838879	1	1	2	5	19	26	
0.5	3.9269908	0.071714859	1	1	2	3	5	7	
0.5	4.1233404	0.07539657	1	1	2	5	21	27	
0.5	4.3196899	0.078134421	1	1	2	4	11	14	
0.5	4.5160394	0.080300428	1	1	2	5	23	28	
0.5	4.712389	0.081031798	1	1	2	2	3	4	
0.5	4.9087385	0.080300428	1	1	2	5	25	29	
0.5	5.1050881	0.078134421	1	1	2	4	13	15	
0.5	5.3014376	0.07539657	1	1	2	5	27	30	
0.5	5.4977871	0.071714859	1	1	2	3	7	8	
0.5	5.6941367	0.06838879	1	1	2	5	29	31	
0.5	5.8904862	0.065402241	1	1	2	4	15	16	
0.5	6.0868358	0.063325081	1	1	2	5	31	32	
0.5	6.2831853	0.0625	1	1	2	0	1	1	

0.53125	0	0.08026123	5	17	25	0	0	0	
0.53125	0.19634954	0.080813289	5	17	25	5	1	17	
0.53125	0.39269908	0.082458666	5	17	25	4	1	9	
0.53125	0.58904862	0.084895346	5	17	25	5	3	18	
0.53125	0.78539816	0.087653594	5	17	25	3	1	5	
0.53125	0.9817477	0.090676716	5	17	25	5	5	19	
0.53125	1.1780972	0.092845193	5	17	25	4	3	10	
0.53125	1.3744468	0.094503625	5	17	25	5	7	20	
0.53125	1.5707963	0.094872817	5	17	25	2	1	3	
0.53125	1.7671459	0.094503625	5	17	25	5	9	21	
0.53125	1.9634954	0.092845193	5	17	25	4	5	11	
0.53125	2.1598449	0.090676716	5	17	25	5	11	22	
0.53125	2.3561945	0.087653594	5	17	25	3	3	6	
0.53125	2.552544	0.084895346	5	17	25	5	13	23	
0.53125	2.7488936	0.082458666	5	17	25	4	7	12	
0.53125	2.9452431	0.080813289	5	17	25	5	15	24	
0.53125	3.1415927	0.08026123	5	17	25	1	1	2	
0.53125	3.3379422	0.080813289	5	17	25	5	17	25	
0.53125	3.5342917	0.082458666	5	17	25	4	9	13	
0.53125	3.7306413	0.084895346	5	17	25	5	19	26	
0.53125	3.9269908	0.087653594	5	17	25	3	5	7	
0.53125	4.1233404	0.090676716	5	17	25	5	21	27	
0.53125	4.3196899	0.092845193	5	17	25	4	11	14	
0.53125	4.5160394	0.094503625	5	17	25	5	23	28	
0.53125	4.712389	0.094872817	5	17	25	2	3	4	
0.53125	4.9087385	0.094503625	5	17	25	5	25	29	
0.53125	5.1050881	0.092845193	5	17	25	4	13	15	
0.53125	5.3014376	0.090676716	5	17	25	5	27	30	
0.53125	5.4977871	0.087653594	5	17	25	3	7	8	
0.53125	5.6941367	0.084895346	5	17	25	5	29	31	
0.53125	5.8904862	0.082458666	5	17	25	4	15	16	
0.53125	6.0868358	0.080813289	5	17	25	5	31	32	
0.53125	6.2831853	0.08026123	5	17	25	0	1	1	

0.5625	0	0.10021973	4	9	13	0	0	0	
0.5625	0.19634954	0.10057951	4	9	13	5	1	17	
0.5625	0.39269908	0.10187385	4	9	13	4	1	9	
0.5625	0.58904862	0.1038414	4	9	13	5	3	18	
0.5625	0.78539816	0.10611257	4	9	13	3	1	5	
0.5625	0.9817477	0.10855785	4	9	13	5	5	19	
0.5625	1.1780972	0.1102377	4	9	13	4	3	10	
0.5625	1.3744468	0.1114693	4	9	13	5	7	20	
0.5625	1.5707963	0.11155706	4	9	13	2	1	3	
0.5625	1.7671459	0.1114693	4	9	13	5	9	21	
0.5625	1.9634954	0.1102377	4	9	13	4	5	11	
0.5625	2.1598449	0.10855785	4	9	13	5	11	22	
0.5625	2.3561945	0.10611257	4	9	13	3	3	6	
0.5625	2.552544	0.1038414	4	9	13	5	13	23	
0.5625	2.7488936	0.10187385	4	9	13	4	7	12	
0.5625	2.9452431	0.10057951	4	9	13	5	15	24	
0.5625	3.1415927	0.10021973	4	9	13	1	1	2	
0.5625	3.3379422	0.10057951	4	9	13	5	17	25	
0.5625	3.5342917	0.10187385	4	9	13	4	9	13	
0.5625	3.7306413	0.1038414	4	9	13	5	19	26	
0.5625	3.9269908	0.10611257	4	9	13	3	5	7	
0.5625	4.1233404	0.10855785	4	9	13	5	21	27	
0.5625	4.3196899	0.1102377	4	9	13	4	11	14	
0.5625	4.5160394	0.1114693	4	9	13	5	23	28	
0.5625	4.712389	0.11155706	4	9	13	2	3	4	
0.5625	4.9087385	0.1114693	4	9	13	5	25	29	
0.5625	5.1050881	0.1102377	4	9	13	4	13	15	
0.5625	5.3014376	0.10855785	4	9	13	5	27	30	
0.5625	5.4977871	0.10611257	4	9	13	3	7	8	
0.5625	5.6941367	0.1038414	4	9	13	5	29	31	
0.5625	5.8904862	0.10187385	4	9	13	4	15	16	
0.5625	6.0868358	0.10057951	4	9	13	5	31	32	
0.5625	6.2831853	0.10021973	4	9	13	0	1	1	

0.59375	0	0.12518311	5	19	26	0	0	0	
0.59375	0.19634954	0.12537943	5	19	26	5	1	17	
0.59375	0.39269908	0.12635154	5	19	26	4	1	9	
0.59375	0.58904862	0.12787879	5	19	26	5	3	18	
0.59375	0.78539816	0.12969171	5	19	26	3	1	5	
0.59375	0.9817477	0.13171151	5	19	26	5	5	19	
0.59375	1.1780972	0.1330551	5	19	26	4	3	10	
0.59375	1.3744468	0.13401224	5	19	26	5	7	20	
0.59375	1.5707963	0.13397094	5	19	26	2	1	3	
0.59375	1.7671459	0.13401224	5	19	26	5	9	21	
0.59375	1.9634954	0.1330551	5	19	26	4	5	11	
0.59375	2.1598449	0.13171151	5	19	26	5	11	22	
0.59375	2.3561945	0.12969171	5	19	26	3	3	6	
0.59375	2.552544	0.12787879	5	19	26	5	13	23	
0.59375	2.7488936	0.12635154	5	19	26	4	7	12	
0.59375	2.9452431	0.12537943	5	19	26	5	15	24	
0.59375	3.1415927	0.12518311	5	19	26	1	1	2	
0.59375	3.3379422	0.12537943	5	19	26	5	17	25	
0.59375	3.5342917	0.12635154	5	19	26	4	9	13	
0.59375	3.7306413	0.12787879	5	19	26	5	19	26	
0.59375	3.9269908	0.12969171	5	19	26	3	5	7	
0.59375	4.1233404	0.13171151	5	19	26	5	21	27	
0.59375	4.3196899	0.1330551	5	19	26	4	11	14	
0.59375	4.5160394	0.13401224	5	19	26	5	23	28	
0.59375	4.712389	0.13397094	5	19	26	2	3	4	
0.59375	4.9087385	0.13401224	5	19	26	5	25	29	
0.59375	5.1050881	0.1330551	5	19	26	4	13	15	
0.59375	5.3014376	0.13171151	5	19	26	5	27	30	
0.59375	5.4977871	0.12969171	5	19	26	3	7	8	
0.59375	5.6941367	0.12787879	5	19	26	5	29	31	
0.59375	5.8904862	0.12635154	5	19	26	4	15	16	
0.59375	6.0868358	0.12537943	5	19	26	5	31	32	
0.59375	6.2831853	0.12518311	5	19	26	0	1	1	

0.625	0	0.15283203	3	5	7	0	0	0	
0.625	0.19634954	0.1529559	3	5	7	5	1	17	
0.625	0.39269908	0.15369681	3	5	7	4	1	9	
0.625	0.58904862	0.15487476	3	5	7	5	3	18	
0.625	0.78539816	0.15632042	3	5	7	3	1	5	
0.625	0.9817477	0.15800576	3	5	7	5	5	19	
0.625	1.1780972	0.1591041	3	5	7	4	3	10	
0.625	1.3744468	0.15987779	3	5	7	5	7	20	
0.625	1.5707963	0.15979844	3	5	7	2	1	3	
0.625	1.7671459	0.15987779	3	5	7	5	9	21	
0.625	1.9634954	0.1591041	3	5	7	4	5	11	
0.625	2.1598449	0.15800576	3	5	7	5	11	22	
0.625	2.3561945	0.15632042	3	5	7	3	3	6	
0.625	2.552544	0.15487476	3	5	7	5	13	23	
0.625	2.7488936	0.15369681	3	5	7	4	7	12	
0.625	2.9452431	0.1529559	3	5	7	5	15	24	
0.625	3.1415927	0.15283203	3	5	7	1	1	2	
0.625	3.3379422	0.1529559	3	5	7	5	17	25	
0.625	3.5342917	0.15369681	3	5	7	4	9	13	
0.625	3.7306413	0.15487476	3	5	7	5	19	26	
0.625	3.9269908	0.15632042	3	5	7	3	5	7	
0.625	4.1233404	0.15800576	3	5	7	5	21	27	
0.625	4.3196899	0.1591041	3	5	7	4	11	14	
0.625	4.5160394	0.15987779	3	5	7	5	23	28	
0.625	4.712389	0.15979844	3	5	7	2	3	4	
0.625	4.9087385	0.15987779	3	5	7	5	25	29	
0.625	5.1050881	0.1591041	3	5	7	4	13	15	
0.625	5.3014376	0.15800576	3	5	7	5	27	30	
0.625	5.4977871	0.15632042	3	5	7	3	7	8	
0.625	5.6941367	0.15487476	3	5	7	5	29	31	
0.625	5.8904862	0.15369681	3	5	7	4	15	16	
0.625	6.0868358	0.1529559	3	5	7	5	31	32	
0.625	6.2831853	0.15283203	3	5	7	0	1	1	

0.65625	0	0.1864624	5	21	27	0	0	0	
0.65625	0.19634954	0.18659061	5	21	27	5	1	17	
0.65625	0.39269908	0.18717711	5	21	27	4	1	9	
0.65625	0.58904862	0.18808255	5	21	27	5	3	18	
0.65625	0.78539816	0.18923776	5	21	27	3	1	5	
0.65625	0.9817477	0.19061257	5	21	27	5	5	19	
0.65625	1.1780972	0.19148959	5	21	27	4	3	10	
0.65625	1.3744468	0.19210376	5	21	27	5	7	20	
0.65625	1.5707963	0.19201028	5	21	27	2	1	3	
0.65625	1.7671459	0.19210376	5	21	27	5	9	21	
0.65625	1.9634954	0.19148959	5	21	27	4	5	11	
0.65625	2.1598449	0.19061257	5	21	27	5	11	22	
0.65625	2.3561945	0.18923776	5	21	27	3	3	6	
0.65625	2.552544	0.18808255	5	21	27	5	13	23	
0.65625	2.7488936	0.18717711	5	21	27	4	7	12	
0.65625	2.9452431	0.18659061	5	21	27	5	15	24	
0.65625	3.1415927	0.1864624	5	21	27	1	1	2	
0.65625	3.3379422	0.18659061	5	21	27	5	17	25	
0.65625	3.5342917	0.18717711	5	21	27	4	9	13	
0.65625	3.7306413	0.18808255	5	21	27	5	19	26	
0.65625	3.9269908	0.18923776	5	21	27	3	5	7	
0.65625	4.1233404	0.19061257	5	21	27	5	21	27	
0.65625	4.3196899	0.19148959	5	21	27	4	11	14	
0.65625	4.5160394	0.19210376	5	21	27	5	23	28	
0.65625	4.712389	0.19201028	5	21	27	2	3	4	
0.65625	4.9087385	0.19210376	5	21	27	5	25	29	
0.65625	5.1050881	0.19148959	5	21	27	4	13	15	
0.65625	5.3014376	0.19061257	5	21	27	5	27	30	
0.65625	5.4977871	0.18923776	5	21	27	3	7	8	
0.65625	5.6941367	0.18808255	5	21	27	5	29	31	
0.65625	5.8904862	0.18717711	5	21	27	4	15	16	
0.65625	6.0868358	0.18659061	5	21	27	5	31	32	
0.65625	6.2831853	0.1864624	5	21	27	0	1	1	

0.6875	0	0.22351074	4	11	14	0	0	0	
0.6875	0.19634954	0.2236433	4	11	14	5	1	17	
0.6875	0.39269908	0.22407537	4	11	14	4	1	9	
0.6875	0.58904862	0.22470831	4	11	14	5	3	18	
0.6875	0.78539816	0.22557307	4	11	14	3	1	5	
0.6875	0.9817477	0.22663734	4	11	14	5	5	19	
0.6875	1.1780972	0.22729304	4	11	14	4	3	10	
0.6875	1.3744468	0.2277477	4	11	14	5	7	20	
0.6875	1.5707963	0.2276401	4	11	14	2	1	3	
0.6875	1.7671459	0.2277477	4	11	14	5	9	21	
0.6875	1.9634954	0.22729304	4	11	14	4	5	11	
0.6875	2.1598449	0.22663734	4	11	14	5	11	22	
0.6875	2.3561945	0.22557307	4	11	14	3	3	6	
0.6875	2.552544	0.22470831	4	11	14	5	13	23	
0.6875	2.7488936	0.22407537	4	11	14	4	7	12	
0.6875	2.9452431	0.2236433	4	11	14	5	15	24	
0.6875	3.1415927	0.22351074	4	11	14	1	1	2	
0.6875	3.3379422	0.2236433	4	11	14	5	17	25	
0.6875	3.5342917	0.22407537	4	11	14	4	9	13	
0.6875	3.7306413	0.22470831	4	11	14	5	19	26	
0.6875	3.9269908	0.22557307	4	11	14	3	5	7	
0.6875	4.1233404	0.22663734	4	11	14	5	21	27	
0.6875	4.3196899	0.22729304	4	11	14	4	11	14	
0.6875	4.5160394	0.2277477	4	11	14	5	23	28	
0.6875	4.712389	0.2276401	4	11	14	2	3	4	
0.6875	4.9087385	0.2277477	4	11	14	5	25	29	
0.6875	5.1050881	0.22729304	4	11	14	4	13	15	
0.6875	5.3014376	0.22663734	4	11	14	5	27	30	
0.6875	5.4977871	0.22557307	4	11	14	3	7	8	
0.6875	5.6941367	0.22470831	4	11	14	5	29	31	
0.6875	5.8904862	0.22407537	4	11	14	4	15	16	
0.6875	6.0868358	0.2236433	4	11	14	5	31	32	
0.6875	6.2831853	0.22351074	4	11	14	0	1	1	

0.71875	0	0.26812744	5	23	28	0	0	0	
0.71875	0.19634954	0.26835322	5	23	28	5	1	17	
0.71875	0.39269908	0.26871976	5	23	28	4	1	9	
0.71875	0.58904862	0.26916908	5	23	28	5	3	18	
0.71875	0.78539816	0.26983227	5	23	28	3	1	5	
0.71875	0.9817477	0.27067489	5	23	28	5	5	19	
0.71875	1.1780972	0.27119815	5	23	28	4	3	10	
0.71875	1.3744468	0.27158217	5	23	28	5	7	20	
0.71875	1.5707963	0.27154932	5	23	28	2	1	3	
0.71875	1.7671459	0.27158217	5	23	28	5	9	21	
0.71875	1.9634954	0.27119815	5	23	28	4	5	11	
0.71875	2.1598449	0.27067489	5	23	28	5	11	22	
0.71875	2.3561945	0.26983227	5	23	28	3	3	6	
0.71875	2.552544	0.26916908	5	23	28	5	13	23	
0.71875	2.7488936	0.26871976	5	23	28	4	7	12	
0.71875	2.9452431	0.26835322	5	23	28	5	15	24	
0.71875	3.1415927	0.26812744	5	23	28	1	1	2	
0.71875	3.3379422	0.26835322	5	23	28	5	17	25	
0.71875	3.5342917	0.26871976	5	23	28	4	9	13	
0.71875	3.7306413	0.26916908	5	23	28	5	19	26	
0.71875	3.9269908	0.26983227	5	23	28	3	5	7	
0.71875	4.1233404	0.27067489	5	23	28	5	21	27	
0.71875	4.3196899	0.27119815	5	23	28	4	11	14	
0.71875	4.5160394	0.27158217	5	23	28	5	23	28	
0.71875	4.712389	0.27154932	5	23	28	2	3	4	
0.71875	4.9087385	0.27158217	5	23	28	5	25	29	
0.71875	5.1050881	0.27119815	5	23	28	4	13	15	
0.71875	5.3014376	0.27067489	5	23	28	5	27	30	
0.71875	5.4977871	0.26983227	5	23	28	3	7	8	
0.71875	5.6941367	0.26916908	5	23	28	5	29	31	
0.71875	5.8904862	0.26871976	5	23	28	4	15	16	
0.71875	6.0868358	0.26835322	5	23	28	5	31	32	
0.71875	6.2831853	0.26812744	5	23	28	0	1	1	

0.75	0	0.31640625	2	3	4	0	0	0	
0.75	0.19634954	0.31672525	2	3	4	5	1	17	
0.75	0.39269908	0.31702626	2	3	4	4	1	9	
0.75	0.58904862	0.31729196	2	3	4	5	3	18	
0.75	0.78539816	0.31775357	2	3	4	3	1	5	
0.75	0.9817477	0.31837454	2	3	4	5	5	19	
0.75	1.1780972	0.31876537	2	3	4	4	3	10	
0.75	1.3744468	0.31907875	2	3	4	5	7	20	
0.75	1.5707963	0.31912066	2	3	4	2	1	3	
0.75	1.7671459	0.31907875	2	3	4	5	9	21	
0.75	1.9634954	0.31876537	2	3	4	4	5	11	
0.75	2.1598449	0.31837454	2	3	4	5	11	22	
0.75	2.3561945	0.31775357	2	3	4	3	3	6	
0.75	2.552544	0.31729196	2	3	4	5	13	23	
0.75	2.7488936	0.31702626	2	3	4	4	7	12	
0.75	2.9452431	0.31672525	2	3	4	5	15	24	
0.75	3.1415927	0.31640625	2	3	4	1	1	2	
0.75	3.3379422	0.31672525	2	3	4	5	17	25	
0.75	3.5342917	0.31702626	2	3	4	4	9	13	
0.75	3.7306413	0.31729196	2	3	4	5	19	26	
0.75	3.9269908	0.31775357	2	3	4	3	5	7	
0.75	4.1233404	0.31837454	2	3	4	5	21	27	
0.75	4.3196899	0.31876537	2	3	4	4	11	14	
0.75	4.5160394	0.31907875	2	3	4	5	23	28	
0.75	4.712389	0.31912066	2	3	4	2	3	4	
0.75	4.9087385	0.31907875	2	3	4	5	25	29	
0.75	5.1050881	0.31876537	2	3	4	4	13	15	
0.75	5.3014376	0.31837454	2	3	4	5	27	30	
0.75	5.4977871	0.31775357	2	3	4	3	7	8	
0.75	5.6941367	0.31729196	2	3	4	5	29	31	
0.75	5.8904862	0.31702626	2	3	4	4	15	16	
0.75	6.0868358	0.31672525	2	3	4	5	31	32	
0.75	6.2831853	0.31640625	2	3	4	0	1	1	

0.78125	0	0.3739624	5	25	29	0	0	0	
0.78125	0.19634954	0.37422443	5	25	29	5	1	17	
0.78125	0.39269908	0.37447017	5	25	29	4	1	9	
0.78125	0.58904862	0.37468397	5	25	29	5	3	18	
0.78125	0.78539816	0.37506766	5	25	29	3	1	5	
0.78125	0.9817477	0.37558885	5	25	29	5	5	19	
0.78125	1.1780972	0.37590638	5	25	29	4	3	10	
0.78125	1.3744468	0.3761536	5	25	29	5	7	20	
0.78125	1.5707963	0.37616059	5	25	29	2	1	3	
0.78125	1.7671459	0.3761536	5	25	29	5	9	21	
0.78125	1.9634954	0.37590638	5	25	29	4	5	11	
0.78125	2.1598449	0.37558885	5	25	29	5	11	22	
0.78125	2.3561945	0.37506766	5	25	29	3	3	6	
0.78125	2.552544	0.37468397	5	25	29	5	13	23	
0.78125	2.7488936	0.37447017	5	25	29	4	7	12	
0.78125	2.9452431	0.37422443	5	25	29	5	15	24	
0.78125	3.1415927	0.3739624	5	25	29	1	1	2	
0.78125	3.3379422	0.37422443	5	25	29	5	17	25	
0.78125	3.5342917	0.37447017	5	25	29	4	9	13	
0.78125	3.7306413	0.37468397	5	25	29	5	19	26	
0.78125	3.9269908	0.37506766	5	25	29	3	5	7	
0.78125	4.1233404	0.37558885	5	25	29	5	21	27	
0.78125	4.3196899	0.37590638	5	25	29	4	11	14	
0.78125	4.5160394	0.3761536	5	25	29	5	23	28	
0.78125	4.712389	0.37616059	5	25	29	2	3	4	
0.78125	4.9087385	0.3761536	5	25	29	5	25	29	
0.78125	5.1050881	0.37590638	5	25	29	4	13	15	
0.78125	5.3014376	0.37558885	5	25	29	5	27	30	
0.78125	5.4977871	0.37506766	5	25	29	3	7	8	
0.78125	5.6941367	0.37468397	5	25	29	5	29	31	
0.78125	5.8904862	0.37447017	5	25	29	4	15	16	
0.78125	6.0868358	0.37422443	5	25	29	5	31	32	
0.78125	6.2831853	0.3739624	5	25	29	0	1	1	

0.8125	0	0.43591309	4	13	15	0	0	0	
0.8125	0.19634954	0.43611814	4	13	15	5	1	17	
0.8125	0.39269908	0.43630862	4	13	15	4	1	9	
0.8125	0.58904862	0.43647051	4	13	15	5	3	18	
0.8125	0.78539816	0.43677629	4	13	15	3	1	5	
0.8125	0.9817477	0.43719769	4	13	15	5	5	19	
0.8125	1.1780972	0.43744192	4	13	15	4	3	10	
0.8125	1.3744468	0.43762298	4	13	15	5	7	20	
0.8125	1.5707963	0.43759504	4	13	15	2	1	3	
0.8125	1.7671459	0.43762298	4	13	15	5	9	21	
0.8125	1.9634954	0.43744192	4	13	15	4	5	11	
0.8125	2.1598449	0.43719769	4	13	15	5	11	22	
0.8125	2.3561945	0.43677629	4	13	15	3	3	6	
0.8125	2.552544	0.43647051	4	13	15	5	13	23	
0.8125	2.7488936	0.43630862	4	13	15	4	7	12	
0.8125	2.9452431	0.43611814	4	13	15	5	15	24	
0.8125	3.1415927	0.43591309	4	13	15	1	1	2	
0.8125	3.3379422	0.43611814	4	13	15	5	17	25	
0.8125	3.5342917	0.43630862	4	13	15	4	9	13	
0.8125	3.7306413	0.43647051	4	13	15	5	19	26	
0.8125	3.9269908	0.43677629	4	13	15	3	5	7	
0.8125	4.1233404	0.43719769	4	13	15	5	21	27	
0.8125	4.3196899	0.43744192	4	13	15	4	11	14	
0.8125	4.5160394	0.43762298	4	13	15	5	23	28	
0.8125	4.712389	0.43759504	4	13	15	2	3	4	
0.8125	4.9087385	0.43762298	4	13	15	5	25	29	
0.8125	5.1050881	0.43744192	4	13	15	4	13	15	
0.8125	5.3014376	0.43719769	4	13	15	5	27	30	
0.8125	5.4977871	0.43677629	4	13	15	3	7	8	
0.8125	5.6941367	0.43647051	4	13	15	5	29	31	
0.8125	5.8904862	0.43630862	4	13	15	4	15	16	
0.8125	6.0868358	0.43611814	4	13	15	5	31	32	
0.8125	6.2831853	0.43591309	4	13	15	0	1	1	

0.84375	0	0.50836182	5	27	30	0	0	0	
0.84375	0.19634954	0.50852828	5	27	30	5	1	17	
0.84375	0.39269908	0.50868188	5	27	30	4	1	9	
0.84375	0.58904862	0.50881026	5	27	30	5	3	18	
0.84375	0.78539816	0.5090565	5	27	30	3	1	5	
0.84375	0.9817477	0.5093965	5	27	30	5	5	19	
0.84375	1.1780972	0.50958581	5	27	30	4	3	10	
0.84375	1.3744468	0.5097191	5	27	30	5	7	20	
0.84375	1.5707963	0.50967463	5	27	30	2	1	3	
0.84375	1.7671459	0.5097191	5	27	30	5	9	21	
0.84375	1.9634954	0.50958581	5	27	30	4	5	11	
0.84375	2.1598449	0.5093965	5	27	30	5	11	22	
0.84375	2.3561945	0.5090565	5	27	30	3	3	6	
0.84375	2.552544	0.50881026	5	27	30	5	13	23	
0.84375	2.7488936	0.50868188	5	27	30	4	7	12	
0.84375	2.9452431	0.50852828	5	27	30	5	15	24	
0.84375	3.1415927	0.50836182	5	27	30	1	1	2	
0.84375	3.3379422	0.50852828	5	27	30	5	17	25	
0.84375	3.5342917	0.50868188	5	27	30	4	9	13	
0.84375	3.7306413	0.50881026	5	27	30	5	19	26	
0.84375	3.9269908	0.5090565	5	27	30	3	5	7	
0.84375	4.1233404	0.5093965	5	27	30	5	21	27	
0.84375	4.3196899	0.50958581	5	27	30	4	11	14	
0.84375	4.5160394	0.5097191	5	27	30	5	23	28	
0.84375	4.712389	0.50967463	5	27	30	2	3	4	
0.84375	4.9087385	0.5097191	5	27	30	5	25	29	
0.84375	5.1050881	0.50958581	5	27	30	4	13	15	
0.84375	5.3014376	0.5093965	5	27	30	5	27	30	
0.84375	5.4977871	0.5090565	5	27	30	3	7	8	
0.84375	5.6941367	0.50881026	5	27	30	5	29	31	
0.84375	5.8904862	0.50868188	5	27	30	4	15	16	
0.84375	6.0868358	0.50852828	5	27	30	5	31	32	
0.84375	6.2831853	0.50836182	5	27	30	0	1	1	

0.875	0	0.58642578	3	7	8	0	0	0	
0.875	0.19634954	0.58655365	3	7	8	5	1	17	
0.875	0.39269908	0.58667037	3	7	8	4	1	9	
0.875	0.58904862	0.58676523	3	7	8	5	3	18	
0.875	0.78539816	0.58695194	3	7	8	3	1	5	
0.875	0.9817477	0.58721055	3	7	8	5	5	19	
0.875	1.1780972	0.58734495	3	7	8	4	3	10	
0.875	1.3744468	0.58743046	3	7	8	5	7	20	
0.875	1.5707963	0.58736945	3	7	8	2	1	3	
0.875	1.7671459	0.58743046	3	7	8	5	9	21	
0.875	1.9634954	0.58734495	3	7	8	4	5	11	
0.875	2.1598449	0.58721055	3	7	8	5	11	22	
0.875	2.3561945	0.58695194	3	7	8	3	3	6	
0.875	2.552544	0.58676523	3	7	8	5	13	23	
0.875	2.7488936	0.58667037	3	7	8	4	7	12	
0.875	2.9452431	0.58655365	3	7	8	5	15	24	
0.875	3.1415927	0.58642578	3	7	8	1	1	2	
0.875	3.3379422	0.58655365	3	7	8	5	17	25	
0.875	3.5342917	0.58667037	3	7	8	4	9	13	
0.875	3.7306413	0.58676523	3	7	8	5	19	26	
0.875	3.9269908	0.58695194	3	7	8	3	5	7	
0.875	4.1233404	0.58721055	3	7	8	5	21	27	
0.875	4.3196899	0.58734495	3	7	8	4	11	14	
0.875	4.5160394	0.58743046	3	7	8	5	23	28	
0.875	4.712389	0.58736945	3	7	8	2	3	4	
0.875	4.9087385	0.58743046	3	7	8	5	25	29	
0.875	5.1050881	0.58734495	3	7	8	4	13	15	
0.875	5.3014376	0.58721055	3	7	8	5	27	30	
0.875	5.4977871	0.58695194	3	7	8	3	7	8	
0.875	5.6941367	0.58676523	3	7	8	5	29	31	
0.875	5.8904862	0.58667037	3	7	8	4	15	16	
0.875	6.0868358	0.58655365	3	7	8	5	31	32	
0.875	6.2831853	0.58642578	3	7	8	0	1	1	

0.90625	0	0.67633057	5	29	31	0	0	0	
0.90625	0.19634954	0.67645438	5	29	31	5	1	17	
0.90625	0.39269908	0.67656877	5	29	31	4	1	9	
0.90625	0.58904862	0.67666465	5	29	31	5	3	18	
0.90625	0.78539816	0.67682637	5	29	31	3	1	5	
0.90625	0.9817477	0.67703812	5	29	31	5	5	19	
0.90625	1.1780972	0.67715214	5	29	31	4	3	10	
0.90625	1.3744468	0.67722442	5	29	31	5	7	20	
0.90625	1.5707963	0.67718141	5	29	31	2	1	3	
0.90625	1.7671459	0.67722442	5	29	31	5	9	21	
0.90625	1.9634954	0.67715214	5	29	31	4	5	11	
0.90625	2.1598449	0.67703812	5	29	31	5	11	22	
0.90625	2.3561945	0.67682637	5	29	31	3	3	6	
0.90625	2.552544	0.67666465	5	29	31	5	13	23	
0.90625	2.7488936	0.67656877	5	29	31	4	7	12	
0.90625	2.9452431	0.67645438	5	29	31	5	15	24	
0.90625	3.1415927	0.67633057	5	29	31	1	1	2	
0.90625	3.3379422	0.67645438	5	29	31	5	17	25	
0.90625	3.5342917	0.67656877	5	29	31	4	9	13	
0.90625	3.7306413	0.67666465	5	29	31	5	19	26	
0.90625	3.9269908	0.67682637	5	29	31	3	5	7	
0.90625	4.1233404	0.67703812	5	29	31	5	21	27	
0.90625	4.3196899	0.67715214	5	29	31	4	11	14	
0.90625	4.5160394	0.67722442	5	29	31	5	23	28	
0.90625	4.712389	0.67718141	5	29	31	2	3	4	
0.90625	4.9087385	0.67722442	5	29	31	5	25	29	
0.90625	5.1050881	0.67715214	5	29	31	4	13	15	
0.90625	5.3014376	0.67703812	5	29	31	5	27	30	
0.90625	5.4977871	0.67682637	5	29	31	3	7	8	
0.90625	5.6941367	0.67666465	5	29	31	5	29	31	
0.90625	5.8904862	0.67656877	5	29	31	4	15	16	
0.90625	6.0868358	0.67645438	5	29	31	5	31	32	
0.90625	6.2831853	0.67633057	5	29	31	0	1	1	

0.9375	0	0.77258301	4	15	16	0	0	0	
0.9375	0.19634954	0.77270277	4	15	16	5	1	17	
0.9375	0.39269908	0.77281482	4	15	16	4	1	9	
0.9375	0.58904862	0.77291173	4	15	16	5	3	18	
0.9375	0.78539816	0.77304845	4	15	16	3	1	5	
0.9375	0.9817477	0.77321334	4	15	16	5	5	19	
0.9375	1.1780972	0.77330699	4	15	16	4	3	10	
0.9375	1.3744468	0.77336603	4	15	16	5	7	20	
0.9375	1.5707963	0.77334102	4	15	16	2	1	3	
0.9375	1.7671459	0.77336603	4	15	16	5	9	21	
0.9375	1.9634954	0.77330699	4	15	16	4	5	11	
0.9375	2.1598449	0.77321334	4	15	16	5	11	22	
0.9375	2.3561945	0.77304845	4	15	16	3	3	6	
0.9375	2.552544	0.77291173	4	15	16	5	13	23	
0.9375	2.7488936	0.77281482	4	15	16	4	7	12	
0.9375	2.9452431	0.77270277	4	15	16	5	15	24	
0.9375	3.1415927	0.77258301	4	15	16	1	1	2	
0.9375	3.3379422	0.77270277	4	15	16	5	17	25	
0.9375	3.5342917	0.77281482	4	15	16	4	9	13	
0.9375	3.7306413	0.77291173	4	15	16	5	19	26	
0.9375	3.9269908	0.77304845	4	15	16	3	5	7	
0.9375	4.1233404	0.77321334	4	15	16	5	21	27	
0.9375	4.3196899	0.77330699	4	15	16	4	11	14	
0.9375	4.5160394	0.77336603	4	15	16	5	23	28	
0.9375	4.712389	0.77334102	4	15	16	2	3	4	
0.9375	4.9087385	0.77336603	4	15	16	5	25	29	
0.9375	5.1050881	0.77330699	4	15	16	4	13	15	
0.9375	5.3014376	0.77321334	4	15	16	5	27	30	
0.9375	5.4977871	0.77304845	4	15	16	3	7	8	
0.9375	5.6941367	0.77291173	4	15	16	5	29	31	
0.9375	5.8904862	0.77281482	4	15	16	4	15	16	
0.9375	6.0868358	0.77270277	4	15	16	5	31	32	
0.9375	6.2831853	0.77258301	4	15	16	0	1	1	

0.96875	0	0.88262939	5	31	32	0	0	0	
0.96875	0.19634954	0.88274511	5	31	32	5	1	17	
0.96875	0.39269908	0.88285482	5	31	32	4	1	9	
0.96875	0.58904862	0.88295275	5	31	32	5	3	18	
0.96875	0.78539816	0.88306448	5	31	32	3	1	5	
0.96875	0.9817477	0.88318251	5	31	32	5	5	19	
0.96875	1.1780972	0.88325578	5	31	32	4	3	10	
0.96875	1.3744468	0.88330159	5	31	32	5	7	20	
0.96875	1.5707963	0.88329458	5	31	32	2	1	3	
0.96875	1.7671459	0.88330159	5	31	32	5	9	21	
0.96875	1.9634954	0.88325578	5	31	32	4	5	11	
0.96875	2.1598449	0.88318251	5	31	32	5	11	22	
0.96875	2.3561945	0.88306448	5	31	32	3	3	6	
0.96875	2.552544	0.88295275	5	31	32	5	13	23	
0.96875	2.7488936	0.88285482	5	31	32	4	7	12	
0.96875	2.9452431	0.88274511	5	31	32	5	15	24	
0.96875	3.1415927	0.88262939	5	31	32	1	1	2	
0.96875	3.3379422	0.88274511	5	31	32	5	17	25	
0.96875	3.5342917	0.88285482	5	31	32	4	9	13	
0.96875	3.7306413	0.88295275	5	31	32	5	19	26	
0.96875	3.9269908	0.88306448	5	31	32	3	5	7	
0.96875	4.1233404	0.88318251	5	31	32	5	21	27	
0.96875	4.3196899	0.88325578	5	31	32	4	11	14	
0.96875	4.5160394	0.88330159	5	31	32	5	23	28	
0.96875	4.712389	0.88329458	5	31	32	2	3	4	
0.96875	4.9087385	0.88330159	5	31	32	5	25	29	
0.96875	5.1050881	0.88325578	5	31	32	4	13	15	
0.96875	5.3014376	0.88318251	5	31	32	5	27	30	
0.96875	5.4977871	0.88306448	5	31	32	3	7	8	
0.96875	5.6941367	0.88295275	5	31	32	5	29	31	
0.96875	5.8904862	0.88285482	5	31	32	4	15	16	
0.96875	6.0868358	0.88274511	5	31	32	5	31	32	
0.96875	6.2831853	0.88262939	5	31	32	0	1	1	

1	0	1	0	1	1	0	0	0	
1	0.19634954	1.0001117	0	1	1	5	1	17	
1	0.39269908	1.000219	0	1	1	4	1	9	
1	0.58904862	1.000318	0	1	1	5	3	18	
1	0.78539816	1.0004047	0	1	1	3	1	5	
1	0.9817477	1.0004759	0	1	1	5	5	19	
1	1.1780972	1.0005288	0	1	1	4	3	10	
1	1.3744468	1.0005614	0	1	1	5	7	20	
1	1.5707963	1.0005724	0	1	1	2	1	3	
1	1.7671459	1.0005614	0	1	1	5	9	21	
1	1.9634954	1.0005288	0	1	1	4	5	11	
1	2.1598449	1.0004759	0	1	1	5	11	22	
1	2.3561945	1.0004047	0	1	1	3	3	6	
1	2.552544	1.000318	0	1	1	5	13	23	
1	2.7488936	1.000219	0	1	1	4	7	12	
1	2.9452431	1.0001117	0	1	1	5	15	24	
1	3.1415927	1	0	1	1	1	1	2	
1	3.3379422	1.0001117	0	1	1	5	17	25	
1	3.5342917	1.000219	0	1	1	4	9	13	
1	3.7306413	1.000318	0	1	1	5	19	26	
1	3.9269908	1.0004047	0	1	1	3	5	7	
1	4.1233404	1.0004759	0	1	1	5	21	27	
1	4.3196899	1.0005288	0	1	1	4	11	14	
1	4.5160394	1.0005614	0	1	1	5	23	28	
1	4.712389	1.0005724	0	1	1	2	3	4	
1	4.9087385	1.0005614	0	1	1	5	25	29	
1	5.1050881	1.0005288	0	1	1	4	13	15	
1	5.3014376	1.0004759	0	1	1	5	27	30	
1	5.4977871	1.0004047	0	1	1	3	7	8	
1	5.6941367	1.000318	0	1	1	5	29	31	
1	5.8904862	1.000219	0	1	1	4	15	16	
1	6.0868358	1.0001117	0	1	1	5	31	32	
1	6.2831853	1	0	1	1	0	1	1	

