x_0	f(x)
$flags auto[subscript]:8	auto[subscript]:8
3.16693000e-05	-4.00001451e+00
1.00816962e-03	-3.08781504e+00
1.98466995e-03	-2.88058811e+00
2.96117027e-03	-2.75205040e+00
3.93767059e-03	-2.65736805e+00
4.91417091e-03	-2.58181091e+00
5.89067124e-03	-2.51862689e+00
6.86717156e-03	-2.46413745e+00
7.84367188e-03	-2.41610948e+00
8.82017221e-03	-2.37308206e+00
9.79667253e-03	-2.33404539e+00
1.07731729e-02	-2.29827143e+00
1.17496732e-02	-2.26521733e+00
1.27261735e-02	-2.23446722e+00
1.37026738e-02	-2.20569521e+00
1.46791741e-02	-2.17864099e+00
1.56556745e-02	-2.15309327e+00
1.66321748e-02	-2.12887807e+00
1.76086751e-02	-2.10585039e+00
1.85851754e-02	-2.08388806e+00
1.95616758e-02	-2.06288715e+00
2.05381761e-02	-2.04275848e+00
2.15146764e-02	-2.02342496e+00
2.24911767e-02	-2.00481944e+00
2.34676771e-02	-1.98688309e+00
2.44441774e-02	-1.96956405e+00
2.54206777e-02	-1.95281639e+00
2.63971780e-02	-1.93659920e+00
2.73736783e-02	-1.92087588e+00
2.83501787e-02	-1.90561359e+00
2.93266790e-02	-1.89078270e+00
3.03031793e-02	-1.87635639e+00
3.12796796e-02	-1.86231034e+00
3.22561800e-02	-1.84862237e+00
3.32326803e-02	-1.83527225e+00
3.42091806e-02	-1.82224143e+00
3.51856809e-02	-1.80951287e+00
3.61621812e-02	-1.79707091e+00
3.71386816e-02	-1.78490108e+00
3.81151819e-02	-1.77299000e+00
3.90916822e-02	-1.76132528e+00
4.00681825e-02	-1.74989540e+00
4.10446829e-02	-1.73868966e+00
4.20211832e-02	-1.72769809e+00
4.29976835e-02	-1.71691137e+00
4.39741838e-02	-1.70632080e+00
4.49506842e-02	-1.69591822e+00
4.59271845e-02	-1.68569599e+00
4.69036848e-02	-1.67564694e+00
4.78801851e-02	-1.66576430e+00
4.88566854e-02	-1.65604172e+00
4.98331858e-02	-1.64647321e+00
5.08096861e-02	-1.63705311e+00
5.17861864e-02	-1.62777609e+00
5.27626867e-02	-1.61863707e+00
5.37391871e-02	-1.60963129e+00
5.47156874e-02	-1.60075418e+00
5.56921877e-02	-1.59200146e+00
5.66686880e-02	-1.58336904e+00
5.76451884e-02	-1.57485301e+00
5.86216887e-02	-1.56644969e+00
5.95981890e-02	-1.55815555e+00
6.05746893e-02	-1.54996724e+00
6.15511896e-02	-1.54188155e+00
6.25276900e-02	-1.53389543e+00
6.35041903e-02	-1.52600596e+00
6.44806906e-02	-1.51821034e+00
6.54571909e-02	-1.51050591e+00
6.64336913e-02	-1.50289011e+00
6.74101916e-02	-1.49536050e+00
6.83866919e-02	-1.48791473e+00
6.93631922e-02	-1.48055054e+00
7.03396926e-02	-1.47326578e+00
7.13161929e-02	-1.46605837e+00
7.22926932e-02	-1.45892633e+00
7.32691935e-02	-1.45186773e+00
7.42456938e-02	-1.44488074e+00
7.52221942e-02	-1.43796358e+00
7.61986945e-02	-1.43111455e+00
7.71751948e-02	-1.42433200e+00
7.81516951e-02	-1.41761434e+00
7.91281955e-02	-1.41096006e+00
8.01046958e-02	-1.40436767e+00
8.10811961e-02	-1.39783576e+00
8.20576964e-02	-1.39136295e+00
8.30341968e-02	-1.38494792e+00
8.40106971e-02	-1.37858938e+00
8.49871974e-02	-1.37228609e+00
8.59636977e-02	-1.36603686e+00
8.69401980e-02	-1.35984052e+00
8.79166984e-02	-1.35369596e+00
8.88931987e-02	-1.34760209e+00
8.98696990e-02	-1.34155786e+00
9.08461993e-02	-1.33556224e+00
9.18226997e-02	-1.32961425e+00
9.27992000e-02	-1.32371294e+00
9.37757003e-02	-1.31785736e+00
9.47522006e-02	-1.31204663e+00
9.57287009e-02	-1.30627986e+00
9.67052013e-02	-1.30055621e+00
9.76817016e-02	-1.29487485e+00
9.86582019e-02	-1.28923499e+00
9.96347022e-02	-1.28363583e+00
1.00611203e-01	-1.27807664e+00
1.01587703e-01	-1.27255666e+00
1.02564203e-01	-1.26707519e+00
1.03540704e-01	-1.26163152e+00
1.04517204e-01	-1.25622499e+00
1.05493704e-01	-1.25085493e+00
1.06470205e-01	-1.24552071e+00
1.07446705e-01	-1.24022169e+00
1.08423205e-01	-1.23495726e+00
1.09399705e-01	-1.22972684e+00
1.10376206e-01	-1.22452985e+00
1.11352706e-01	-1.21936573e+00
1.12329206e-01	-1.21423392e+00
1.13305707e-01	-1.20913388e+00
1.14282207e-01	-1.20406511e+00
1.15258707e-01	-1.19902708e+00
1.16235208e-01	-1.19401931e+00
1.17211708e-01	-1.18904130e+00
1.18188208e-01	-1.18409258e+00
1.19164709e-01	-1.17917269e+00
1.20141209e-01	-1.17428118e+00
1.21117709e-01	-1.16941761e+00
1.22094210e-01	-1.16458154e+00
1.23070710e-01	-1.15977256e+00
1.24047210e-01	-1.15499025e+00
1.25023711e-01	-1.15023421e+00
1.26000211e-01	-1.14550404e+00
1.26976711e-01	-1.14079937e+00
1.27953212e-01	-1.13611982e+00
1.28929712e-01	-1.13146501e+00
1.29906212e-01	-1.12683459e+00
1.30882713e-01	-1.12222820e+00
1.31859213e-01	-1.11764551e+00
1.32835713e-01	-1.11308616e+00
1.33812214e-01	-1.10854984e+00
1.34788714e-01	-1.10403622e+00
1.35765214e-01	-1.09954497e+00
1.36741715e-01	-1.09507580e+00
1.37718215e-01	-1.09062840e+00
1.38694715e-01	-1.08620246e+00
1.39671215e-01	-1.08179770e+00
1.40647716e-01	-1.07741382e+00
1.41624216e-01	-1.07305056e+00
1.42600716e-01	-1.06870763e+00
1.43577217e-01	-1.06438476e+00
1.44553717e-01	-1.06008170e+00
1.45530217e-01	-1.05579817e+00
1.46506718e-01	-1.05153393e+00
1.47483218e-01	-1.04728872e+00
1.48459718e-01	-1.04306231e+00
1.49436219e-01	-1.03885444e+00
1.50412719e-01	-1.03466489e+00
1.51389219e-01	-1.03049342e+00
1.52365720e-01	-1.02633981e+00
1.53342220e-01	-1.02220382e+00
1.54318720e-01	-1.01808526e+00
1.55295221e-01	-1.01398388e+00
1.56271721e-01	-1.00989950e+00
1.57248221e-01	-1.00583189e+00
1.58224722e-01	-1.00178086e+00
1.59201222e-01	-9.97746199e-01
1.60177722e-01	-9.93727716e-01
1.61154223e-01	-9.89725217e-01
1.62130723e-01	-9.85738510e-01
1.63107223e-01	-9.81767410e-01
1.64083724e-01	-9.77811731e-01
1.65060224e-01	-9.73871294e-01
1.66036724e-01	-9.69945920e-01
1.67013225e-01	-9.66035436e-01
1.67989725e-01	-9.62139668e-01
1.68966225e-01	-9.58258448e-01
1.69942725e-01	-9.54391610e-01
1.70919226e-01	-9.50538990e-01
1.71895726e-01	-9.46700427e-01
1.72872226e-01	-9.42875763e-01
1.73848727e-01	-9.39064842e-01
1.74825227e-01	-9.35267510e-01
1.75801727e-01	-9.31483617e-01
1.76778228e-01	-9.27713014e-01
1.77754728e-01	-9.23955555e-01
1.78731228e-01	-9.20211096e-01
1.79707729e-01	-9.16479495e-01
1.80684229e-01	-9.12760612e-01
1.81660729e-01	-9.09054310e-01
1.82637230e-01	-9.05360453e-01
1.83613730e-01	-9.01678909e-01
1.84590230e-01	-8.98009545e-01
1.85566731e-01	-8.94352233e-01
1.86543231e-01	-8.90706845e-01
1.87519731e-01	-8.87073255e-01
1.88496232e-01	-8.83451339e-01
1.89472732e-01	-8.79840976e-01
1.90449232e-01	-8.76242044e-01
1.91425733e-01	-8.72654427e-01
1.92402233e-01	-8.69078007e-01
1.93378733e-01	-8.65512668e-01
1.94355234e-01	-8.61958298e-01
1.95331734e-01	-8.58414784e-01
1.96308234e-01	-8.54882016e-01
1.97284735e-01	-8.51359885e-01
1.98261235e-01	-8.47848284e-01
1.99237735e-01	-8.44347107e-01
2.00214236e-01	-8.40856250e-01
2.01190736e-01	-8.37375610e-01
2.02167236e-01	-8.33905085e-01
2.03143736e-01	-8.30444575e-01
2.04120237e-01	-8.26993981e-01
2.05096737e-01	-8.23553206e-01
2.06073237e-01	-8.20122154e-01
2.07049738e-01	-8.16700729e-01
2.08026238e-01	-8.13288838e-01
2.09002738e-01	-8.09886388e-01
2.09979239e-01	-8.06493288e-01
2.10955739e-01	-8.03109448e-01
2.11932239e-01	-7.99734779e-01
2.12908740e-01	-7.96369194e-01
2.13885240e-01	-7.93012604e-01
2.14861740e-01	-7.89664926e-01
2.15838241e-01	-7.86326074e-01
2.16814741e-01	-7.82995966e-01
2.17791241e-01	-7.79674517e-01
2.18767742e-01	-7.76361648e-01
2.19744242e-01	-7.73057278e-01
2.20720742e-01	-7.69761327e-01
2.21697243e-01	-7.66473718e-01
2.22673743e-01	-7.63194371e-01
2.23650243e-01	-7.59923212e-01
2.24626744e-01	-7.56660164e-01
2.25603244e-01	-7.53405153e-01
2.26579744e-01	-7.50158105e-01
2.27556245e-01	-7.46918947e-01
2.28532745e-01	-7.43687606e-01
2.29509245e-01	-7.40464012e-01
2.30485746e-01	-7.37248095e-01
2.31462246e-01	-7.34039784e-01
2.32438746e-01	-7.30839011e-01
2.33415246e-01	-7.27645709e-01
2.34391747e-01	-7.24459808e-01
2.35368247e-01	-7.21281245e-01
2.36344747e-01	-7.18109951e-01
2.37321248e-01	-7.14945864e-01
2.38297748e-01	-7.11788918e-01
2.39274248e-01	-7.08639050e-01
2.40250749e-01	-7.05496198e-01
2.41227249e-01	-7.02360298e-01
2.42203749e-01	-6.99231290e-01
2.43180250e-01	-6.96109114e-01
2.44156750e-01	-6.92993708e-01
2.45133250e-01	-6.89885014e-01
2.46109751e-01	-6.86782972e-01
2.47086251e-01	-6.83687526e-01
2.48062751e-01	-6.80598616e-01
2.49039252e-01	-6.77516187e-01
2.50015752e-01	-6.74440181e-01
2.50992252e-01	-6.71370544e-01
2.51968753e-01	-6.68307220e-01
2.52945253e-01	-6.65250154e-01
2.53921753e-01	-6.62199293e-01
2.54898254e-01	-6.59154584e-01
2.55874754e-01	-6.56115972e-01
2.56851254e-01	-6.53083407e-01
2.57827755e-01	-6.50056835e-01
2.58804255e-01	-6.47036207e-01
2.59780755e-01	-6.44021471e-01
2.60757256e-01	-6.41012577e-01
2.61733756e-01	-6.38009475e-01
2.62710256e-01	-6.35012116e-01
2.63686756e-01	-6.32020451e-01
2.64663257e-01	-6.29034432e-01
2.65639757e-01	-6.26054012e-01
2.66616257e-01	-6.23079142e-01
2.67592758e-01	-6.20109776e-01
2.68569258e-01	-6.17145868e-01
2.69545758e-01	-6.14187371e-01
2.70522259e-01	-6.11234240e-01
2.71498759e-01	-6.08286431e-01
2.72475259e-01	-6.05343897e-01
2.73451760e-01	-6.02406596e-01
2.74428260e-01	-5.99474483e-01
2.75404760e-01	-5.96547515e-01
2.76381261e-01	-5.93625649e-01
2.77357761e-01	-5.90708841e-01
2.78334261e-01	-5.87797051e-01
2.79310762e-01	-5.84890236e-01
2.80287262e-01	-5.81988355e-01
2.81263762e-01	-5.79091366e-01
2.82240263e-01	-5.76199229e-01
2.83216763e-01	-5.73311904e-01
2.84193263e-01	-5.70429350e-01
2.85169764e-01	-5.67551529e-01
2.86146264e-01	-5.64678400e-01
2.87122764e-01	-5.61809925e-01
2.88099265e-01	-5.58946065e-01
2.89075765e-01	-5.56086782e-01
2.90052265e-01	-5.53232038e-01
2.91028766e-01	-5.50381796e-01
2.92005266e-01	-5.47536018e-01
2.92981766e-01	-5.44694667e-01
2.93958267e-01	-5.41857707e-01
2.94934767e-01	-5.39025102e-01
2.95911267e-01	-5.36196814e-01
2.96887767e-01	-5.33372810e-01
2.97864268e-01	-5.30553052e-01
2.98840768e-01	-5.27737507e-01
2.99817268e-01	-5.24926139e-01
3.00793769e-01	-5.22118914e-01
3.01770269e-01	-5.19315798e-01
3.02746769e-01	-5.16516756e-01
3.03723270e-01	-5.13721755e-01
3.04699770e-01	-5.10930761e-01
3.05676270e-01	-5.08143742e-01
3.06652771e-01	-5.05360664e-01
3.07629271e-01	-5.02581495e-01
3.08605771e-01	-4.99806202e-01
3.09582272e-01	-4.97034754e-01
3.10558772e-01	-4.94267118e-01
3.11535272e-01	-4.91503263e-01
3.12511773e-01	-4.88743157e-01
3.13488273e-01	-4.85986770e-01
3.14464773e-01	-4.83234070e-01
3.15441274e-01	-4.80485027e-01
3.16417774e-01	-4.77739611e-01
3.17394274e-01	-4.74997790e-01
3.18370775e-01	-4.72259536e-01
3.19347275e-01	-4.69524818e-01
3.20323775e-01	-4.66793607e-01
3.21300276e-01	-4.64065873e-01
3.22276776e-01	-4.61341589e-01
3.23253276e-01	-4.58620724e-01
3.24229777e-01	-4.55903249e-01
3.25206277e-01	-4.53189138e-01
3.26182777e-01	-4.50478360e-01
3.27159277e-01	-4.47770889e-01
3.28135778e-01	-4.45066697e-01
3.29112278e-01	-4.42365755e-01
3.30088778e-01	-4.39668036e-01
3.31065279e-01	-4.36973513e-01
3.32041779e-01	-4.34282159e-01
3.33018279e-01	-4.31593947e-01
3.33994780e-01	-4.28908851e-01
3.34971280e-01	-4.26226843e-01
3.35947780e-01	-4.23547897e-01
3.36924281e-01	-4.20871988e-01
3.37900781e-01	-4.18199089e-01
3.38877281e-01	-4.15529175e-01
3.39853782e-01	-4.12862219e-01
3.40830282e-01	-4.10198197e-01
3.41806782e-01	-4.07537083e-01
3.42783283e-01	-4.04878851e-01
3.43759783e-01	-4.02223478e-01
3.44736283e-01	-3.99570937e-01
3.45712784e-01	-3.96921205e-01
3.46689284e-01	-3.94274257e-01
3.47665784e-01	-3.91630068e-01
3.48642285e-01	-3.88988615e-01
3.49618785e-01	-3.86349873e-01
3.50595285e-01	-3.83713818e-01
3.51571786e-01	-3.81080427e-01
3.52548286e-01	-3.78449676e-01
3.53524786e-01	-3.75821542e-01
3.54501287e-01	-3.73196001e-01
3.55477787e-01	-3.70573030e-01
3.56454287e-01	-3.67952606e-01
3.57430787e-01	-3.65334707e-01
3.58407288e-01	-3.62719308e-01
3.59383788e-01	-3.60106389e-01
3.60360288e-01	-3.57495925e-01
3.61336789e-01	-3.54887896e-01
3.62313289e-01	-3.52282278e-01
3.63289789e-01	-3.49679050e-01
3.64266290e-01	-3.47078189e-01
3.65242790e-01	-3.44479674e-01
3.66219290e-01	-3.41883483e-01
3.67195791e-01	-3.39289595e-01
3.68172291e-01	-3.36697987e-01
3.69148791e-01	-3.34108638e-01
3.70125292e-01	-3.31521528e-01
3.71101792e-01	-3.28936635e-01
3.72078292e-01	-3.26353937e-01
3.73054793e-01	-3.23773415e-01
3.74031293e-01	-3.21195047e-01
3.75007793e-01	-3.18618813e-01
3.75984294e-01	-3.16044691e-01
3.76960794e-01	-3.13472662e-01
3.77937294e-01	-3.10902705e-01
3.78913795e-01	-3.08334800e-01
3.79890295e-01	-3.05768926e-01
3.80866795e-01	-3.03205064e-01
3.81843296e-01	-3.00643194e-01
3.82819796e-01	-2.98083295e-01
3.83796296e-01	-2.95525348e-01
3.84772797e-01	-2.92969333e-01
3.85749297e-01	-2.90415231e-01
3.86725797e-01	-2.87863021e-01
3.87702298e-01	-2.85312686e-01
3.88678798e-01	-2.82764205e-01
3.89655298e-01	-2.80217559e-01
3.90631798e-01	-2.77672729e-01
3.91608299e-01	-2.75129696e-01
3.92584799e-01	-2.72588442e-01
3.93561299e-01	-2.70048946e-01
3.94537800e-01	-2.67511191e-01
3.95514300e-01	-2.64975157e-01
3.96490800e-01	-2.62440826e-01
3.97467301e-01	-2.59908180e-01
3.98443801e-01	-2.57377200e-01
3.99420301e-01	-2.54847868e-01
4.00396802e-01	-2.52320164e-01
4.01373302e-01	-2.49794072e-01
4.02349802e-01	-2.47269573e-01
4.03326303e-01	-2.44746649e-01
4.04302803e-01	-2.42225282e-01
4.05279303e-01	-2.39705454e-01
4.06255804e-01	-2.37187147e-01
4.07232304e-01	-2.34670343e-01
4.08208804e-01	-2.32155025e-01
4.09185305e-01	-2.29641174e-01
4.10161805e-01	-2.27128774e-01
4.11138305e-01	-2.24617807e-01
4.12114806e-01	-2.22108256e-01
4.13091306e-01	-2.19600102e-01
4.14067806e-01	-2.17093329e-01
4.15044307e-01	-2.14587919e-01
4.16020807e-01	-2.12083856e-01
4.16997307e-01	-2.09581122e-01
4.17973808e-01	-2.07079700e-01
4.18950308e-01	-2.04579573e-01
4.19926808e-01	-2.02080724e-01
4.20903308e-01	-1.99583137e-01
4.21879809e-01	-1.97086793e-01
4.22856309e-01	-1.94591678e-01
4.23832809e-01	-1.92097773e-01
4.24809310e-01	-1.89605062e-01
4.25785810e-01	-1.87113529e-01
4.26762310e-01	-1.84623157e-01
4.27738811e-01	-1.82133930e-01
4.28715311e-01	-1.79645830e-01
4.29691811e-01	-1.77158842e-01
4.30668312e-01	-1.74672950e-01
4.31644812e-01	-1.72188136e-01
4.32621312e-01	-1.69704385e-01
4.33597813e-01	-1.67221680e-01
4.34574313e-01	-1.64740006e-01
4.35550813e-01	-1.62259346e-01
4.36527314e-01	-1.59779684e-01
4.37503814e-01	-1.57301004e-01
4.38480314e-01	-1.54823291e-01
4.39456815e-01	-1.52346527e-01
4.40433315e-01	-1.49870697e-01
4.41409815e-01	-1.47395786e-01
4.42386316e-01	-1.44921777e-01
4.43362816e-01	-1.42448655e-01
4.44339316e-01	-1.39976404e-01
4.45315817e-01	-1.37505009e-01
4.46292317e-01	-1.35034452e-01
4.47268817e-01	-1.32564720e-01
4.48245318e-01	-1.30095796e-01
4.49221818e-01	-1.27627665e-01
4.50198318e-01	-1.25160311e-01
4.51174819e-01	-1.22693719e-01
4.52151319e-01	-1.20227873e-01
4.53127819e-01	-1.17762758e-01
4.54104319e-01	-1.15298358e-01
4.55080820e-01	-1.12834658e-01
4.56057320e-01	-1.10371643e-01
4.57033820e-01	-1.07909298e-01
4.58010321e-01	-1.05447606e-01
4.58986821e-01	-1.02986553e-01
4.59963321e-01	-1.00526124e-01
4.60939822e-01	-9.80663037e-02
4.61916322e-01	-9.56070762e-02
4.62892822e-01	-9.31484269e-02
4.63869323e-01	-9.06903404e-02
4.64845823e-01	-8.82328019e-02
4.65822323e-01	-8.57757961e-02
4.66798824e-01	-8.33193080e-02
4.67775324e-01	-8.08633226e-02
4.68751824e-01	-7.84078248e-02
4.69728325e-01	-7.59527998e-02
4.70704825e-01	-7.34982324e-02
4.71681325e-01	-7.10441077e-02
4.72657826e-01	-6.85904109e-02
4.73634326e-01	-6.61371269e-02
4.74610826e-01	-6.36842410e-02
4.75587327e-01	-6.12317381e-02
4.76563827e-01	-5.87796035e-02
4.77540327e-01	-5.63278223e-02
4.78516828e-01	-5.38763796e-02
4.79493328e-01	-5.14252607e-02
4.80469828e-01	-4.89744507e-02
4.81446329e-01	-4.65239348e-02
4.82422829e-01	-4.40736983e-02
4.83399329e-01	-4.16237263e-02
4.84375829e-01	-3.91740042e-02
4.85352330e-01	-3.67245171e-02
4.86328830e-01	-3.42752503e-02
4.87305330e-01	-3.18261892e-02
4.88281831e-01	-2.93773189e-02
4.89258331e-01	-2.69286248e-02
4.90234831e-01	-2.44800922e-02
4.91211332e-01	-2.20317063e-02
4.92187832e-01	-1.95834524e-02
4.93164332e-01	-1.71353160e-02
4.94140833e-01	-1.46872822e-02
4.95117333e-01	-1.22393365e-02
4.96093833e-01	-9.79146406e-03
4.97070334e-01	-7.34365033e-03
4.98046834e-01	-4.89588060e-03
4.99023334e-01	-2.44814020e-03
4.99999835e-01	-4.14470979e-07
5.00976335e-01	2.44731126e-03
5.01952835e-01	4.89505165e-03
5.02929336e-01	7.34282137e-03
5.03905836e-01	9.79063508e-03
5.04882336e-01	1.22385075e-02
5.05858837e-01	1.46864532e-02
5.06835337e-01	1.71344869e-02
5.07811837e-01	1.95826233e-02
5.08788338e-01	2.20308771e-02
5.09764838e-01	2.44792630e-02
5.10741338e-01	2.69277956e-02
5.11717839e-01	2.93764896e-02
5.12694339e-01	3.18253598e-02
5.13670839e-01	3.42744209e-02
5.14647339e-01	3.67236876e-02
5.15623840e-01	3.91731746e-02
5.16600340e-01	4.16228966e-02
5.17576840e-01	4.40728685e-02
5.18553341e-01	4.65231050e-02
5.19529841e-01	4.89736207e-02
5.20506341e-01	5.14244307e-02
5.21482842e-01	5.38755495e-02
5.22459342e-01	5.63269920e-02
5.23435842e-01	5.87787731e-02
5.24412343e-01	6.12309076e-02
5.25388843e-01	6.36834104e-02
5.26365343e-01	6.61362962e-02
5.27341844e-01	6.85895800e-02
5.28318344e-01	7.10432767e-02
5.29294844e-01	7.34974012e-02
5.30271345e-01	7.59519684e-02
5.31247845e-01	7.84069933e-02
5.32224345e-01	8.08624909e-02
5.33200846e-01	8.33184762e-02
5.34177346e-01	8.57749641e-02
5.35153846e-01	8.82319697e-02
5.36130347e-01	9.06895081e-02
5.37106847e-01	9.31475943e-02
5.38083347e-01	9.56062435e-02
5.39059848e-01	9.80654707e-02
5.40036348e-01	1.00525291e-01
5.41012848e-01	1.02985720e-01
5.41989349e-01	1.05446773e-01
5.42965849e-01	1.07908464e-01
5.43942349e-01	1.10370809e-01
5.44918850e-01	1.12833824e-01
5.45895350e-01	1.15297524e-01
5.46871850e-01	1.17761923e-01
5.47848350e-01	1.20227038e-01
5.48824851e-01	1.22692884e-01
5.49801351e-01	1.25159476e-01
5.50777851e-01	1.27626829e-01
5.51754352e-01	1.30094960e-01
5.52730852e-01	1.32563884e-01
5.53707352e-01	1.35033616e-01
5.54683853e-01	1.37504172e-01
5.55660353e-01	1.39975567e-01
5.56636853e-01	1.42447818e-01
5.57613354e-01	1.44920940e-01
5.58589854e-01	1.47394948e-01
5.59566354e-01	1.49869859e-01
5.60542855e-01	1.52345688e-01
5.61519355e-01	1.54822452e-01
5.62495855e-01	1.57300165e-01
5.63472356e-01	1.59778845e-01
5.64448856e-01	1.62258506e-01
5.65425356e-01	1.64739166e-01
5.66401857e-01	1.67220840e-01
5.67378357e-01	1.69703544e-01
5.68354857e-01	1.72187295e-01
5.69331358e-01	1.74672108e-01
5.70307858e-01	1.77158000e-01
5.71284358e-01	1.79644988e-01
5.72260859e-01	1.82133087e-01
5.73237359e-01	1.84622314e-01
5.74213859e-01	1.87112686e-01
5.75190360e-01	1.89604218e-01
5.76166860e-01	1.92096928e-01
5.77143360e-01	1.94590833e-01
5.78119860e-01	1.97085948e-01
5.79096361e-01	1.99582291e-01
5.80072861e-01	2.02079878e-01
5.81049361e-01	2.04578727e-01
5.82025862e-01	2.07078853e-01
5.83002362e-01	2.09580275e-01
5.83978862e-01	2.12083008e-01
5.84955363e-01	2.14587071e-01
5.85931863e-01	2.17092480e-01
5.86908363e-01	2.19599253e-01
5.87884864e-01	2.22107406e-01
5.88861364e-01	2.24616957e-01
5.89837864e-01	2.27127924e-01
5.90814365e-01	2.29640323e-01
5.91790865e-01	2.32154173e-01
5.92767365e-01	2.34669491e-01
5.93743866e-01	2.37186294e-01
5.94720366e-01	2.39704601e-01
5.95696866e-01	2.42224428e-01
5.96673367e-01	2.44745795e-01
5.97649867e-01	2.47268719e-01
5.98626367e-01	2.49793217e-01
5.99602868e-01	2.52319309e-01
6.00579368e-01	2.54847011e-01
6.01555868e-01	2.57376343e-01
6.02532369e-01	2.59907323e-01
6.03508869e-01	2.62439968e-01
6.04485369e-01	2.64974298e-01
6.05461870e-01	2.67510331e-01
6.06438370e-01	2.70048086e-01
6.07414870e-01	2.72587581e-01
6.08391370e-01	2.75128835e-01
6.09367871e-01	2.77671868e-01
6.10344371e-01	2.80216697e-01
6.11320871e-01	2.82763342e-01
6.12297372e-01	2.85311823e-01
6.13273872e-01	2.87862157e-01
6.14250372e-01	2.90414366e-01
6.15226873e-01	2.92968468e-01
6.16203373e-01	2.95524482e-01
6.17179873e-01	2.98082428e-01
6.18156374e-01	3.00642326e-01
6.19132874e-01	3.03204196e-01
6.20109374e-01	3.05768058e-01
6.21085875e-01	3.08333931e-01
6.22062375e-01	3.10901835e-01
6.23038875e-01	3.13471792e-01
6.24015376e-01	3.16043820e-01
6.24991876e-01	3.18617941e-01
6.25968376e-01	3.21194174e-01
6.26944877e-01	3.23772542e-01
6.27921377e-01	3.26353063e-01
6.28897877e-01	3.28935760e-01
6.29874378e-01	3.31520652e-01
6.30850878e-01	3.34107762e-01
6.31827378e-01	3.36697109e-01
6.32803879e-01	3.39288716e-01
6.33780379e-01	3.41882604e-01
6.34756879e-01	3.44478795e-01
6.35733380e-01	3.47077309e-01
6.36709880e-01	3.49678169e-01
6.37686380e-01	3.52281396e-01
6.38662881e-01	3.54887013e-01
6.39639381e-01	3.57495042e-01
6.40615881e-01	3.60105504e-01
6.41592381e-01	3.62718423e-01
6.42568882e-01	3.65333820e-01
6.43545382e-01	3.67951719e-01
6.44521882e-01	3.70572142e-01
6.45498383e-01	3.73195112e-01
6.46474883e-01	3.75820653e-01
6.47451383e-01	3.78448786e-01
6.48427884e-01	3.81079536e-01
6.49404384e-01	3.83712926e-01
6.50380884e-01	3.86348980e-01
6.51357385e-01	3.88987721e-01
6.52333885e-01	3.91629173e-01
6.53310385e-01	3.94273361e-01
6.54286886e-01	3.96920308e-01
6.55263386e-01	3.99570039e-01
6.56239886e-01	4.02222579e-01
6.57216387e-01	4.04877952e-01
6.58192887e-01	4.07536182e-01
6.59169387e-01	4.10197295e-01
6.60145888e-01	4.12861317e-01
6.61122388e-01	4.15528271e-01
6.62098888e-01	4.18198185e-01
6.63075389e-01	4.20871083e-01
6.64051889e-01	4.23546991e-01
6.65028389e-01	4.26225935e-01
6.66004890e-01	4.28907942e-01
6.66981390e-01	4.31593037e-01
6.67957890e-01	4.34281248e-01
6.68934391e-01	4.36972601e-01
6.69910891e-01	4.39667123e-01
6.70887391e-01	4.42364840e-01
6.71863891e-01	4.45065781e-01
6.72840392e-01	4.47769973e-01
6.73816892e-01	4.50477443e-01
6.74793392e-01	4.53188219e-01
6.75769893e-01	4.55902330e-01
6.76746393e-01	4.58619803e-01
6.77722893e-01	4.61340667e-01
6.78699394e-01	4.64064950e-01
6.79675894e-01	4.66792682e-01
6.80652394e-01	4.69523892e-01
6.81628895e-01	4.72258609e-01
6.82605395e-01	4.74996862e-01
6.83581895e-01	4.77738681e-01
6.84558396e-01	4.80484097e-01
6.85534896e-01	4.83233139e-01
6.86511396e-01	4.85985837e-01
6.87487897e-01	4.88742223e-01
6.88464397e-01	4.91502328e-01
6.89440897e-01	4.94266181e-01
6.90417398e-01	4.97033816e-01
6.91393898e-01	4.99805263e-01
6.92370398e-01	5.02580554e-01
6.93346899e-01	5.05359722e-01
6.94323399e-01	5.08142799e-01
6.95299899e-01	5.10929817e-01
6.96276400e-01	5.13720809e-01
6.97252900e-01	5.16515808e-01
6.98229400e-01	5.19314849e-01
6.99205901e-01	5.22117964e-01
7.00182401e-01	5.24925188e-01
7.01158901e-01	5.27736554e-01
7.02135402e-01	5.30552098e-01
7.03111902e-01	5.33371854e-01
7.04088402e-01	5.36195857e-01
7.05064902e-01	5.39024143e-01
7.06041403e-01	5.41856747e-01
7.07017903e-01	5.44693706e-01
7.07994403e-01	5.47535055e-01
7.08970904e-01	5.50380832e-01
7.09947404e-01	5.53231072e-01
7.10923904e-01	5.56085815e-01
7.11900405e-01	5.58945096e-01
7.12876905e-01	5.61808954e-01
7.13853405e-01	5.64677428e-01
7.14829906e-01	5.67550555e-01
7.15806406e-01	5.70428375e-01
7.16782906e-01	5.73310927e-01
7.17759407e-01	5.76198251e-01
7.18735907e-01	5.79090386e-01
7.19712407e-01	5.81987373e-01
7.20688908e-01	5.84889253e-01
7.21665408e-01	5.87796066e-01
7.22641908e-01	5.90707854e-01
7.23618409e-01	5.93624660e-01
7.24594909e-01	5.96546525e-01
7.25571409e-01	5.99473491e-01
7.26547910e-01	6.02405602e-01
7.27524410e-01	6.05342902e-01
7.28500910e-01	6.08285433e-01
7.29477411e-01	6.11233241e-01
7.30453911e-01	6.14186370e-01
7.31430411e-01	6.17144865e-01
7.32406912e-01	6.20108771e-01
7.33383412e-01	6.23078135e-01
7.34359912e-01	6.26053003e-01
7.35336412e-01	6.29033422e-01
7.36312913e-01	6.32019439e-01
7.37289413e-01	6.35011102e-01
7.38265913e-01	6.38008459e-01
7.39242414e-01	6.41011559e-01
7.40218914e-01	6.44020451e-01
7.41195414e-01	6.47035185e-01
7.42171915e-01	6.50055812e-01
7.43148415e-01	6.53082381e-01
7.44124915e-01	6.56114944e-01
7.45101416e-01	6.59153554e-01
7.46077916e-01	6.62198261e-01
7.47054416e-01	6.65249120e-01
7.48030917e-01	6.68306184e-01
7.49007417e-01	6.71369505e-01
7.49983917e-01	6.74439141e-01
7.50960418e-01	6.77515144e-01
7.51936918e-01	6.80597571e-01
7.52913418e-01	6.83686478e-01
7.53889919e-01	6.86781923e-01
7.54866419e-01	6.89883962e-01
7.55842919e-01	6.92992654e-01
7.56819420e-01	6.96108057e-01
7.57795920e-01	6.99230232e-01
7.58772420e-01	7.02359237e-01
7.59748921e-01	7.05495134e-01
7.60725421e-01	7.08637985e-01
7.61701921e-01	7.11787850e-01
7.62678422e-01	7.14944794e-01
7.63654922e-01	7.18108879e-01
7.64631422e-01	7.21280169e-01
7.65607922e-01	7.24458731e-01
7.66584423e-01	7.27644628e-01
7.67560923e-01	7.30837929e-01
7.68537423e-01	7.34038699e-01
7.69513924e-01	7.37247007e-01
7.70490424e-01	7.40462922e-01
7.71466924e-01	7.43686513e-01
7.72443425e-01	7.46917851e-01
7.73419925e-01	7.50157006e-01
7.74396425e-01	7.53404052e-01
7.75372926e-01	7.56659060e-01
7.76349426e-01	7.59922106e-01
7.77325926e-01	7.63193262e-01
7.78302427e-01	7.66472606e-01
7.79278927e-01	7.69760213e-01
7.80255427e-01	7.73056161e-01
7.81231928e-01	7.76360528e-01
7.82208428e-01	7.79673394e-01
7.83184928e-01	7.82994839e-01
7.84161429e-01	7.86324945e-01
7.85137929e-01	7.89663794e-01
7.86114429e-01	7.93011469e-01
7.87090930e-01	7.96368055e-01
7.88067430e-01	7.99733638e-01
7.89043930e-01	8.03108304e-01
7.90020431e-01	8.06492140e-01
7.90996931e-01	8.09885237e-01
7.91973431e-01	8.13287684e-01
7.92949932e-01	8.16699572e-01
7.93926432e-01	8.20120994e-01
7.94902932e-01	8.23552043e-01
7.95879433e-01	8.26992815e-01
7.96855933e-01	8.30443405e-01
7.97832433e-01	8.33903911e-01
7.98808933e-01	8.37374433e-01
7.99785434e-01	8.40855070e-01
8.00761934e-01	8.44345923e-01
8.01738434e-01	8.47847097e-01
8.02714935e-01	8.51358694e-01
8.03691435e-01	8.54880821e-01
8.04667935e-01	8.58413585e-01
8.05644436e-01	8.61957096e-01
8.06620936e-01	8.65511462e-01
8.07597436e-01	8.69076797e-01
8.08573937e-01	8.72653214e-01
8.09550437e-01	8.76240828e-01
8.10526937e-01	8.79839755e-01
8.11503438e-01	8.83450114e-01
8.12479938e-01	8.87072026e-01
8.13456438e-01	8.90705612e-01
8.14432939e-01	8.94350997e-01
8.15409439e-01	8.98008305e-01
8.16385939e-01	9.01677664e-01
8.17362440e-01	9.05359204e-01
8.18338940e-01	9.09053057e-01
8.19315440e-01	9.12759354e-01
8.20291941e-01	9.16478233e-01
8.21268441e-01	9.20209830e-01
8.22244941e-01	9.23954285e-01
8.23221442e-01	9.27711740e-01
8.24197942e-01	9.31482338e-01
8.25174442e-01	9.35266226e-01
8.26150943e-01	9.39063553e-01
8.27127443e-01	9.42874470e-01
8.28103943e-01	9.46699129e-01
8.29080443e-01	9.50537688e-01
8.30056944e-01	9.54390303e-01
8.31033444e-01	9.58257136e-01
8.32009944e-01	9.62138351e-01
8.32986445e-01	9.66034114e-01
8.33962945e-01	9.69944593e-01
8.34939445e-01	9.73869962e-01
8.35915946e-01	9.77810394e-01
8.36892446e-01	9.81766067e-01
8.37868946e-01	9.85737163e-01
8.38845447e-01	9.89723864e-01
8.39821947e-01	9.93726358e-01
8.40798447e-01	9.97744835e-01
8.41774948e-01	1.00177949e+00
8.42751448e-01	1.00583052e+00
8.43727948e-01	1.00989812e+00
8.44704449e-01	1.01398250e+00
8.45680949e-01	1.01808386e+00
8.46657449e-01	1.02220243e+00
8.47633950e-01	1.02633840e+00
8.48610450e-01	1.03049201e+00
8.49586950e-01	1.03466347e+00
8.50563451e-01	1.03885302e+00
8.51539951e-01	1.04306088e+00
8.52516451e-01	1.04728729e+00
8.53492952e-01	1.05153249e+00
8.54469452e-01	1.05579672e+00
8.55445952e-01	1.06008024e+00
8.56422453e-01	1.06438330e+00
8.57398953e-01	1.06870616e+00
8.58375453e-01	1.07304908e+00
8.59351953e-01	1.07741234e+00
8.60328454e-01	1.08179621e+00
8.61304954e-01	1.08620096e+00
8.62281454e-01	1.09062689e+00
8.63257955e-01	1.09507429e+00
8.64234455e-01	1.09954346e+00
8.65210955e-01	1.10403469e+00
8.66187456e-01	1.10854831e+00
8.67163956e-01	1.11308462e+00
8.68140456e-01	1.11764396e+00
8.69116957e-01	1.12222665e+00
8.70093457e-01	1.12683302e+00
8.71069957e-01	1.13146344e+00
8.72046458e-01	1.13611824e+00
8.73022958e-01	1.14079778e+00
8.73999458e-01	1.14550245e+00
8.74975959e-01	1.15023260e+00
8.75952459e-01	1.15498863e+00
8.76928959e-01	1.15977094e+00
8.77905460e-01	1.16457991e+00
8.78881960e-01	1.16941597e+00
8.79858460e-01	1.17427953e+00
8.80834961e-01	1.17917103e+00
8.81811461e-01	1.18409091e+00
8.82787961e-01	1.18903962e+00
8.83764462e-01	1.19401762e+00
8.84740962e-01	1.19902538e+00
8.85717462e-01	1.20406340e+00
8.86693963e-01	1.20913216e+00
8.87670463e-01	1.21423218e+00
8.88646963e-01	1.21936398e+00
8.89623464e-01	1.22452810e+00
8.90599964e-01	1.22972508e+00
8.91576464e-01	1.23495549e+00
8.92552964e-01	1.24021990e+00
8.93529465e-01	1.24551891e+00
8.94505965e-01	1.25085312e+00
8.95482465e-01	1.25622317e+00
8.96458966e-01	1.26162969e+00
8.97435466e-01	1.26707334e+00
8.98411966e-01	1.27255480e+00
8.99388467e-01	1.27807476e+00
9.00364967e-01	1.28363395e+00
9.01341467e-01	1.28923309e+00
9.02317968e-01	1.29487294e+00
9.03294468e-01	1.30055428e+00
9.04270968e-01	1.30627792e+00
9.05247469e-01	1.31204467e+00
9.06223969e-01	1.31785539e+00
9.07200469e-01	1.32371095e+00
9.08176970e-01	1.32961225e+00
9.09153470e-01	1.33556022e+00
9.10129970e-01	1.34155582e+00
9.11106471e-01	1.34760004e+00
9.12082971e-01	1.35369389e+00
9.13059471e-01	1.35983843e+00
9.14035972e-01	1.36603475e+00
9.15012472e-01	1.37228397e+00
9.15988972e-01	1.37858723e+00
9.16965473e-01	1.38494576e+00
9.17941973e-01	1.39136077e+00
9.18918473e-01	1.39783356e+00
9.19894974e-01	1.40436545e+00
9.20871474e-01	1.41095782e+00
9.21847974e-01	1.41761208e+00
9.22824474e-01	1.42432971e+00
9.23800975e-01	1.43111224e+00
9.24777475e-01	1.43796125e+00
9.25753975e-01	1.44487838e+00
9.26730476e-01	1.45186535e+00
9.27706976e-01	1.45892392e+00
9.28683476e-01	1.46605594e+00
9.29659977e-01	1.47326332e+00
9.30636477e-01	1.48054806e+00
9.31612977e-01	1.48791222e+00
9.32589478e-01	1.49535797e+00
9.33565978e-01	1.50288755e+00
9.34542478e-01	1.51050332e+00
9.35518979e-01	1.51820772e+00
9.36495479e-01	1.52600330e+00
9.37471979e-01	1.53389274e+00
9.38448480e-01	1.54187883e+00
9.39424980e-01	1.54996449e+00
9.40401480e-01	1.55815276e+00
9.41377981e-01	1.56644686e+00
9.42354481e-01	1.57485015e+00
9.43330981e-01	1.58336613e+00
9.44307482e-01	1.59199852e+00
9.45283982e-01	1.60075120e+00
9.46260482e-01	1.60962826e+00
9.47236983e-01	1.61863400e+00
9.48213483e-01	1.62777297e+00
9.49189983e-01	1.63704995e+00
9.50166484e-01	1.64646999e+00
9.51142984e-01	1.65603845e+00
9.52119484e-01	1.66576098e+00
9.53095984e-01	1.67564356e+00
9.54072485e-01	1.68569256e+00
9.55048985e-01	1.69591473e+00
9.56025485e-01	1.70631724e+00
9.57001986e-01	1.71690775e+00
9.57978486e-01	1.72769440e+00
9.58954986e-01	1.73868590e+00
9.59931487e-01	1.74989156e+00
9.60907987e-01	1.76132137e+00
9.61884487e-01	1.77298601e+00
9.62860988e-01	1.78489701e+00
9.63837488e-01	1.79706675e+00
9.64813988e-01	1.80950861e+00
9.65790489e-01	1.82223707e+00
9.66766989e-01	1.83526778e+00
9.67743489e-01	1.84861780e+00
9.68719990e-01	1.86230564e+00
9.69696490e-01	1.87635157e+00
9.70672990e-01	1.89077774e+00
9.71649491e-01	1.90560850e+00
9.72625991e-01	1.92087064e+00
9.73602491e-01	1.93659379e+00
9.74578992e-01	1.95281081e+00
9.75555492e-01	1.96955829e+00
9.76531992e-01	1.98687712e+00
9.77508493e-01	2.00481326e+00
9.78484993e-01	2.02341854e+00
9.79461493e-01	2.04275181e+00
9.80437994e-01	2.06288019e+00
9.81414494e-01	2.08388079e+00
9.82390994e-01	2.10584278e+00
9.83367495e-01	2.12887008e+00
9.84343995e-01	2.15308485e+00
9.85320495e-01	2.17863210e+00
9.86296995e-01	2.20568577e+00
9.87273496e-01	2.23445716e+00
9.88249996e-01	2.26520654e+00
9.89226496e-01	2.29825980e+00
9.90202997e-01	2.33403276e+00
9.91179497e-01	2.37306821e+00
9.92155997e-01	2.41609413e+00
9.93132498e-01	2.46412019e+00
9.94108998e-01	2.51860712e+00
9.95085498e-01	2.58178769e+00
9.96061999e-01	2.65733975e+00
9.97038499e-01	2.75201383e+00
9.98014999e-01	2.88053559e+00
9.98991500e-01	3.08771757e+00
9.99968000e-01	3.99755546e+00
