x_0	x_1	f(x)
$flags auto[subscript]:8	auto[subscript]:8	auto[subscript]:8
10000	200	-9.51763000e+04
10000	1.13125000e+03	-8.20348500e+04
10000	2.06250000e+03	-1.86114685e+06
10000	2.29531250e+03	-41045
10000	2.52812500e+03	-318150
10000	2.76093750e+03	-118795
10000	2.87734375e+03	-32750
10000	2.99375000e+03	-748550
10000	3.22656250e+03	-17215
10000	3.45937500e+03	297640
10000	3.57578125e+03	32625
10000	3.69218750e+03	112265
10000	3925	-1.24947219e+07
10000	4.15781250e+03	-14435
10000	4.39062500e+03	-275635
10000	4.62343750e+03	-124620
10000	4.73984375e+03	-38980
10000	4.85625000e+03	-3117495
10000	4.97265625e+03	-56850
10000	5.08906250e+03	-266000
10000	5.20546875e+03	-75850
10000	5.32187500e+03	-1296900
10000	5.43828125e+03	-90100
10000	5.55468750e+03	-362200
10000	5.67109375e+03	-88000
10000	5.78750000e+03	-4553345
10000	5.90390625e+03	-55550
10000	6.02031250e+03	-102700
10000	6.13671875e+03	7150
10000	6.25312500e+03	572450
10000	6.36953125e+03	71100
10000	6.48593750e+03	352650
10000	6.60234375e+03	99650
10000	6.71875000e+03	4241850
10000	6.83515625e+03	89550
10000	6.95156250e+03	305550
10000	7.06796875e+03	62700
10000	7.18437500e+03	810200
10000	7.30078125e+03	37000
10000	7.41718750e+03	108850
10000	7650	-3.88316118e+07
10000	7.76640625e+03	5500
10000	7.88281250e+03	3750
10000	7.99921875e+03	-3250
10000	8.11562500e+03	-98150
10000	8.23203125e+03	-9650
10000	8.34843750e+03	-49500
10000	8.46484375e+03	-14950
10000	8.58125000e+03	-1079200
10000	8.69765625e+03	-19650
10000	8.81406250e+03	-88200
10000	8.93046875e+03	-24350
10000	9.04687500e+03	-427650
10000	9.16328125e+03	-29050
10000	9.27968750e+03	-125850
10000	9.39609375e+03	-33800
10000	9.51250000e+03	-8796350
10000	9.62890625e+03	-38250
10000	9.74531250e+03	-160750
10000	9.86171875e+03	-41900
10000	9.97812500e+03	-694400
10000	1.00945312e+04	-45000
10000	1.02109375e+04	-186450
10000	1.03273438e+04	-48650
10000	1.04437500e+04	-3171850
10000	1.05601562e+04	-51550
10000	1.06765625e+04	-213400
10000	1.07929688e+04	-54750
10000	1.09093750e+04	-884550
10000	1.10257812e+04	-56600
10000	1.11421875e+04	-224250
10000	1.12585938e+04	-55350
10000	11375	-21266100
10000	1.14914062e+04	-50950
10000	1.16078125e+04	-189550
10000	1.17242188e+04	-43400
10000	1.18406250e+04	-599150
10000	1.19570312e+04	-32750
10000	1.20734375e+04	-104100
10000	1.23062500e+04	-663150
10000	1.25390625e+04	17000
10000	1.27718750e+04	304000
10000	1.30046875e+04	132000
10000	1.31210938e+04	39500
10000	1.32375000e+04	7859850
10000	1.33539062e+04	48500
10000	1.34703125e+04	207000
10000	1.35867188e+04	54500
10000	1.37031250e+04	881500
10000	1.38195312e+04	56500
10000	1.39359375e+04	226500
10000	1.40523438e+04	55000
10000	1.41687500e+04	3380000
10000	1.42851562e+04	53500
10000	1.44015625e+04	206500
10000	1.45179688e+04	49000
10000	1.46343750e+04	746500
10000	1.47507812e+04	45000
10000	1.48671875e+04	166000
10000	1.49835938e+04	39000
10000	15100	-4.03684118e+07
10000	1.52164062e+04	34000
10000	1.53328125e+04	125000
10000	1.55656250e+04	429000
10000	1.57984375e+04	90000
10000	1.60312500e+04	1252000
10000	1.62640625e+04	63000
10000	1.64968750e+04	213000
10000	1.67296875e+04	43000
10000	1.69625000e+04	2651000
10000	1.71953125e+04	29000
10000	1.74281250e+04	92500
10000	1.76609375e+04	17500
10000	1.78937500e+04	216000
10000	1.81265625e+04	8000
10000	1.83593750e+04	18500
10000	1.85921875e+04	500
10000	18825	-1154000
10000	1.90578125e+04	-8000
10000	1.92906250e+04	-49000
10000	1.95234375e+04	-17000
10000	1.97562500e+04	-364500
10000	1.99890625e+04	-27500
10000	2.02218750e+04	-136500
10000	2.04546875e+04	-41000
10000	2.06875000e+04	-3262000
10000	2.09203125e+04	-55500
10000	2.11531250e+04	-259000
10000	2.13859375e+04	-73500
10000	2.16187500e+04	-1336500
10000	2.18515625e+04	-93000
10000	2.20843750e+04	-412500
10000	2.23171875e+04	-112500
10000	22550	-73260000
10000	2.27828125e+04	-131500
10000	2.28992188e+04	-34500
10000	2.30156250e+04	-562000
10000	2.31320312e+04	-35500
10000	2.32484375e+04	-148500
10000	2.33648438e+04	-38000
10000	2.34812500e+04	-2434500
10000	2.35976562e+04	-38500
10000	2.37140625e+04	-158000
10000	2.38304688e+04	-40500
10000	2.39468750e+04	-641500
10000	2.40632812e+04	-40500
10000	2.41796875e+04	-161500
10000	2.42960938e+04	-41000
10000	2.44125000e+04	-9530000
10000	2.45289062e+04	-40000
10000	2.46453125e+04	-155500
10000	2.47617188e+04	-38500
10000	2.48781250e+04	-599000
10000	2.49945312e+04	-37000
10000	2.51109375e+04	-142500
10000	2.52273438e+04	-35500
10000	2.53437500e+04	-2066500
10000	2.55765625e+04	-119500
10000	2.58093750e+04	-421500
10000	2.60421875e+04	-91000
10000	26275	-15786000
10000	2.65078125e+04	-59000
10000	2.67406250e+04	-166500
10000	2.69734375e+04	-24500
10000	2.72062500e+04	-141000
10000	2.74390625e+04	9500
10000	2.76718750e+04	95500
10000	2.79046875e+04	38000
10000	2.81375000e+04	2911000
10000	2.83703125e+04	63500
10000	2.86031250e+04	297000
10000	2.88359375e+04	82500
10000	2.90687500e+04	1449000
10000	2.93015625e+04	98500
10000	2.95343750e+04	414000
10000	2.97671875e+04	107500
10000	30000	4.004e+08
1.06091309e+04	200	0
1.06091309e+04	15100	20500
1.06091309e+04	22550	-3250
1.06091309e+04	26275	-60000
1.06091309e+04	30000	-52000
1.12182617e+04	200	0
1.12182617e+04	7650	6050
1.12182617e+04	11375	-101050
1.12182617e+04	1.32375000e+04	-44800
1.12182617e+04	15100	79250
1.12182617e+04	18825	60500
1.12182617e+04	22550	-6500
1.12182617e+04	26275	-210000
1.12182617e+04	2.81375000e+04	-41000
1.12182617e+04	30000	-195500
1.18273926e+04	200	0
1.18273926e+04	15100	18750
1.18273926e+04	22550	1250
1.18273926e+04	26275	-47000
1.18273926e+04	30000	-45500
1.24365234e+04	200	0
1.24365234e+04	3925	1885
1.24365234e+04	5.78750000e+03	-90155
1.24365234e+04	7650	25250
1.24365234e+04	9.51250000e+03	96000
1.24365234e+04	11375	-317025
1.24365234e+04	1.23062500e+04	-98275
1.24365234e+04	1.32375000e+04	-164675
1.24365234e+04	1.41687500e+04	34000
1.24365234e+04	15100	275750
1.24365234e+04	1.69625000e+04	35000
1.24365234e+04	18825	192500
1.24365234e+04	2.06875000e+04	91000
1.24365234e+04	2.16187500e+04	32750
1.24365234e+04	22550	34250
1.24365234e+04	2.44125000e+04	-58000
1.24365234e+04	2.53437500e+04	-45500
1.24365234e+04	26275	-673250
1.24365234e+04	2.72062500e+04	-59000
1.24365234e+04	2.81375000e+04	-151250
1.24365234e+04	30000	-693500
1.30456543e+04	200	0
1.30456543e+04	15100	16500
1.30456543e+04	22550	4500
1.30456543e+04	26275	-37000
1.30456543e+04	30000	-41000
1.36547852e+04	200	0
1.36547852e+04	7650	6200
1.36547852e+04	11375	-61075
1.36547852e+04	1.32375000e+04	-38575
1.36547852e+04	15100	60000
1.36547852e+04	18825	37500
1.36547852e+04	22550	19250
1.36547852e+04	26275	-132250
1.36547852e+04	2.81375000e+04	-34750
1.36547852e+04	30000	-153000
1.42639160e+04	200	0
1.42639160e+04	15100	14500
1.42639160e+04	30000	-36000
1.48730469e+04	200	0
1.48730469e+04	3925	4595
1.48730469e+04	4.85625000e+03	89590
1.48730469e+04	5.78750000e+03	-250710
1.48730469e+04	6.25312500e+03	-94800
1.48730469e+04	6.71875000e+03	900
1.48730469e+04	7.18437500e+03	44500
1.48730469e+04	7650	97850
1.48730469e+04	8.58125000e+03	49125
1.48730469e+04	9.51250000e+03	269650
1.48730469e+04	1.04437500e+04	77275
1.48730469e+04	11375	-842525
1.48730469e+04	1.18406250e+04	-42925
1.48730469e+04	1.23062500e+04	-261075
1.48730469e+04	1.27718750e+04	-76000
1.48730469e+04	1.32375000e+04	-551075
1.48730469e+04	1.41687500e+04	69500
1.48730469e+04	1.46343750e+04	33250
1.48730469e+04	15100	868000
1.48730469e+04	1.60312500e+04	56250
1.48730469e+04	1.69625000e+04	116000
1.48730469e+04	18825	531750
1.48730469e+04	1.97562500e+04	35250
1.48730469e+04	2.06875000e+04	238750
1.48730469e+04	2.16187500e+04	84500
1.48730469e+04	22550	354000
1.48730469e+04	2.34812500e+04	59750
1.48730469e+04	2.44125000e+04	-81500
1.48730469e+04	2.53437500e+04	-107250
1.48730469e+04	2.58093750e+04	-37250
1.48730469e+04	26275	-1819250
1.48730469e+04	2.67406250e+04	-46750
1.48730469e+04	2.72062500e+04	-174000
1.48730469e+04	2.76718750e+04	-40250
1.48730469e+04	2.81375000e+04	-499250
1.48730469e+04	2.90687500e+04	-62250
1.48730469e+04	30000	-2246000
1.54821777e+04	200	0
1.54821777e+04	15100	13000
1.54821777e+04	30000	-33000
1.60913086e+04	200	0
1.60913086e+04	7650	6050
1.60913086e+04	11375	-39225
1.60913086e+04	15100	46500
1.60913086e+04	22550	28500
1.60913086e+04	26275	-87250
1.60913086e+04	30000	-123000
1.73095703e+04	200	0
1.73095703e+04	3925	600
1.73095703e+04	5.78750000e+03	-41550
1.73095703e+04	7650	23300
1.73095703e+04	9.51250000e+03	45450
1.73095703e+04	11375	-130500
1.73095703e+04	1.23062500e+04	-40000
1.73095703e+04	1.32375000e+04	-111700
1.73095703e+04	15100	167250
1.73095703e+04	18825	88750
1.73095703e+04	2.06875000e+04	36750
1.73095703e+04	22550	118250
1.73095703e+04	26275	-286000
1.73095703e+04	2.81375000e+04	-100500
1.73095703e+04	30000	-448500
1.85278320e+04	200	0
1.85278320e+04	15100	37750
1.85278320e+04	22550	30250
1.85278320e+04	26275	-58250
1.85278320e+04	30000	-101500
1.97460938e+04	200	0
1.97460938e+04	2.06250000e+03	13525
1.97460938e+04	2.99375000e+03	-47780
1.97460938e+04	3.45937500e+03	-39800
1.97460938e+04	3925	8800
1.97460938e+04	4.39062500e+03	33995
1.97460938e+04	4.85625000e+03	213050
1.97460938e+04	5.32187500e+03	62350
1.97460938e+04	5.78750000e+03	-573125
1.97460938e+04	6.02031250e+03	-55975
1.97460938e+04	6.25312500e+03	-236950
1.97460938e+04	6.48593750e+03	-39425
1.97460938e+04	6.71875000e+03	-90175
1.97460938e+04	6.95156250e+03	34500
1.97460938e+04	7.18437500e+03	115825
1.97460938e+04	7650	346900
1.97460938e+04	8.58125000e+03	113425
1.97460938e+04	9.04687500e+03	35100
1.97460938e+04	9.51250000e+03	628025
1.97460938e+04	9.97812500e+03	43325
1.97460938e+04	1.04437500e+04	186550
1.97460938e+04	1.09093750e+04	42725
1.97460938e+04	11375	-1775900
1.97460938e+04	1.18406250e+04	-74050
1.97460938e+04	1.23062500e+04	-540725
1.97460938e+04	1.25390625e+04	-43275
1.97460938e+04	1.27718750e+04	-177125
1.97460938e+04	1.30046875e+04	-43300
1.97460938e+04	1.32375000e+04	-1533275
1.97460938e+04	1.37031250e+04	-59000
1.97460938e+04	1.41687500e+04	50500
1.97460938e+04	1.46343750e+04	65500
1.97460938e+04	15100	2320750
1.97460938e+04	1.55656250e+04	59000
1.97460938e+04	1.60312500e+04	167500
1.97460938e+04	1.69625000e+04	351000
1.97460938e+04	1.78937500e+04	38500
1.97460938e+04	18825	1256250
1.97460938e+04	1.97562500e+04	72500
1.97460938e+04	2.06875000e+04	506250
1.97460938e+04	2.11531250e+04	38750
1.97460938e+04	2.16187500e+04	184750
1.97460938e+04	2.20843750e+04	52500
1.97460938e+04	22550	1726250
1.97460938e+04	2.30156250e+04	54000
1.97460938e+04	2.34812500e+04	174250
1.97460938e+04	2.44125000e+04	60500
1.97460938e+04	2.53437500e+04	-172250
1.97460938e+04	2.58093750e+04	-69250
1.97460938e+04	26275	-3847500
1.97460938e+04	2.67406250e+04	-100000
1.97460938e+04	2.72062500e+04	-412250
1.97460938e+04	2.76718750e+04	-102250
1.97460938e+04	2.81375000e+04	-1358000
1.97460938e+04	2.86031250e+04	-77000
1.97460938e+04	2.90687500e+04	-226250
1.97460938e+04	2.95343750e+04	-36250
1.97460938e+04	30000	-6329500
2.09643555e+04	200	0
2.09643555e+04	15100	30250
2.09643555e+04	22550	28750
2.09643555e+04	26275	-40500
2.09643555e+04	30000	-84500
2.21826172e+04	200	0
2.21826172e+04	7650	20350
2.21826172e+04	11375	-63100
2.21826172e+04	1.32375000e+04	-73475
2.21826172e+04	15100	108750
2.21826172e+04	18825	52500
2.21826172e+04	22550	114500
2.21826172e+04	26275	-137000
2.21826172e+04	2.81375000e+04	-64250
2.21826172e+04	30000	-312500
2.34008789e+04	200	0
2.34008789e+04	15100	24500
2.34008789e+04	30000	-72000
2.46191406e+04	200	0
2.46191406e+04	3925	835
2.46191406e+04	5.78750000e+03	-72280
2.46191406e+04	6.25312500e+03	-33000
2.46191406e+04	6.71875000e+03	-32775
2.46191406e+04	7650	74350
2.46191406e+04	9.51250000e+03	82025
2.46191406e+04	11375	-188675
2.46191406e+04	1.23062500e+04	-54800
2.46191406e+04	1.32375000e+04	-246750
2.46191406e+04	15100	364750
2.46191406e+04	1.69625000e+04	65500
2.46191406e+04	18825	173000
2.46191406e+04	2.06875000e+04	55500
2.46191406e+04	22550	424750
2.46191406e+04	2.44125000e+04	57500
2.46191406e+04	26275	-401250
2.46191406e+04	2.72062500e+04	-52750
2.46191406e+04	2.81375000e+04	-211250
2.46191406e+04	2.90687500e+04	-45000
2.46191406e+04	30000	-1073500
2.58374023e+04	200	0
2.58374023e+04	15100	20500
2.58374023e+04	30000	-61000
2.70556641e+04	200	0
2.70556641e+04	7650	17200
2.70556641e+04	11375	-33625
2.70556641e+04	1.32375000e+04	-50425
2.70556641e+04	15100	75000
2.70556641e+04	18825	36000
2.70556641e+04	22550	97750
2.70556641e+04	26275	-70250
2.70556641e+04	2.81375000e+04	-43000
2.70556641e+04	30000	-229000
2.82739258e+04	200	0
2.82739258e+04	15100	17000
2.82739258e+04	30000	-53000
2.94921875e+04	200	0
2.94921875e+04	2.06250000e+03	3.42375000e+04
2.94921875e+04	2.52812500e+03	36835
2.94921875e+04	2.99375000e+03	-80205
2.94921875e+04	3.45937500e+03	-89000
2.94921875e+04	3925	16430
2.94921875e+04	4.39062500e+03	6.77525000e+04
2.94921875e+04	4.85625000e+03	4.15527500e+05
2.94921875e+04	5.08906250e+03	34635
2.94921875e+04	5.32187500e+03	130535
2.94921875e+04	5.78750000e+03	-1.05260250e+06
2.94921875e+04	6.02031250e+03	-85225
2.94921875e+04	6.25312500e+03	-454350
2.94921875e+04	6.36953125e+03	-33875
2.94921875e+04	6.48593750e+03	-105025
2.94921875e+04	6.71875000e+03	-417800
2.94921875e+04	6.95156250e+03	48975
2.94921875e+04	7.18437500e+03	227550
2.94921875e+04	7.41718750e+03	49125
2.94921875e+04	7650	1046800
2.94921875e+04	8.11562500e+03	57275
2.94921875e+04	8.58125000e+03	223175
2.94921875e+04	9.04687500e+03	64250
2.94921875e+04	9.51250000e+03	1198800
2.94921875e+04	9.97812500e+03	83150
2.94921875e+04	1.04437500e+04	361825
2.94921875e+04	1.09093750e+04	93175
2.94921875e+04	11375	-2816525
2.94921875e+04	1.18406250e+04	-87075
2.94921875e+04	1.20734375e+04	-38450
2.94921875e+04	1.23062500e+04	-835125
2.94921875e+04	1.25390625e+04	-69825
2.94921875e+04	1.27718750e+04	-312000
2.94921875e+04	1.30046875e+04	-82475
2.94921875e+04	1.32375000e+04	-3314925
2.94921875e+04	1.34703125e+04	-66700
2.94921875e+04	1.37031250e+04	-198600
2.94921875e+04	1.41687500e+04	-228100
2.94921875e+04	1.46343750e+04	70000
2.94921875e+04	15100	4996750
2.94921875e+04	1.53328125e+04	34000
2.94921875e+04	1.55656250e+04	125500
2.94921875e+04	1.60312500e+04	401500
2.94921875e+04	1.64968750e+04	73000
2.94921875e+04	1.69625000e+04	914750
2.94921875e+04	1.74281250e+04	33750
2.94921875e+04	1.78937500e+04	101750
2.94921875e+04	18825	2574000
2.94921875e+04	1.97562500e+04	125500
2.94921875e+04	2.02218750e+04	40500
2.94921875e+04	2.06875000e+04	862750
2.94921875e+04	2.11531250e+04	65250
2.94921875e+04	2.16187500e+04	318750
2.94921875e+04	2.20843750e+04	93000
2.94921875e+04	22550	5584500
2.94921875e+04	2.30156250e+04	105000
2.94921875e+04	2.34812500e+04	382250
2.94921875e+04	2.39468750e+04	79250
2.94921875e+04	2.44125000e+04	606750
2.94921875e+04	2.53437500e+04	-149000
2.94921875e+04	2.58093750e+04	-83500
2.94921875e+04	26275	-5960500
2.94921875e+04	2.65078125e+04	-35750
2.94921875e+04	2.67406250e+04	-162250
2.94921875e+04	2.69734375e+04	-44500
2.94921875e+04	2.72062500e+04	-724750
2.94921875e+04	2.74390625e+04	-47250
2.94921875e+04	2.76718750e+04	-195000
2.94921875e+04	2.79046875e+04	-48750
2.94921875e+04	2.81375000e+04	-2816750
2.94921875e+04	2.83703125e+04	-46000
2.94921875e+04	2.86031250e+04	-174500
2.94921875e+04	2.88359375e+04	-41000
2.94921875e+04	2.90687500e+04	-592000
2.94921875e+04	2.93015625e+04	-33750
2.94921875e+04	2.95343750e+04	-117000
2.94921875e+04	30000	-14884500
3.07104492e+04	200	0
3.07104492e+04	15100	14250
3.07104492e+04	30000	-46500
3.19287109e+04	200	0
3.19287109e+04	7650	14500
3.19287109e+04	11375	-18900
3.19287109e+04	1.32375000e+04	-35800
3.19287109e+04	15100	53750
3.19287109e+04	22550	80750
3.19287109e+04	26275	-37000
3.19287109e+04	30000	-173500
3.31469727e+04	200	0
3.31469727e+04	15100	12500
3.31469727e+04	30000	-41000
3.43652344e+04	200	0
3.43652344e+04	7650	54550
3.43652344e+04	9.51250000e+03	37825
3.43652344e+04	11375	-57275
3.43652344e+04	1.32375000e+04	-121000
3.43652344e+04	15100	183750
3.43652344e+04	1.69625000e+04	41750
3.43652344e+04	18825	92250
3.43652344e+04	22550	296250
3.43652344e+04	2.44125000e+04	42500
3.43652344e+04	26275	-111000
3.43652344e+04	2.81375000e+04	-96500
3.43652344e+04	30000	-615500
3.55834961e+04	200	0
3.55834961e+04	15100	11000
3.55834961e+04	30000	-36000
3.68017578e+04	200	0
3.68017578e+04	15100	39000
3.68017578e+04	22550	67500
3.68017578e+04	30000	-136000
3.92382812e+04	200	0
3.92382812e+04	3925	2260
3.92382812e+04	4.85625000e+03	4.12625000e+04
3.92382812e+04	5.78750000e+03	-9.00925000e+04
3.92382812e+04	6.25312500e+03	-39800
3.92382812e+04	6.71875000e+03	-89825
3.92382812e+04	7650	187700
3.92382812e+04	9.51250000e+03	115075
3.92382812e+04	1.04437500e+04	34925
3.92382812e+04	11375	-139825
3.92382812e+04	1.23062500e+04	-39200
3.92382812e+04	1.32375000e+04	-364250
3.92382812e+04	1.37031250e+04	-33600
3.92382812e+04	1.41687500e+04	-88100
3.92382812e+04	15100	562000
3.92382812e+04	1.60312500e+04	51000
3.92382812e+04	1.69625000e+04	139250
3.92382812e+04	18825	296250
3.92382812e+04	2.06875000e+04	63500
3.92382812e+04	22550	994250
3.92382812e+04	2.34812500e+04	42500
3.92382812e+04	2.44125000e+04	140250
3.92382812e+04	26275	-253500
3.92382812e+04	2.72062500e+04	-48500
3.92382812e+04	2.81375000e+04	-280250
3.92382812e+04	2.90687500e+04	-81250
3.92382812e+04	30000	-1979000
4.16748047e+04	200	0
4.16748047e+04	15100	29500
4.16748047e+04	22550	56250
4.16748047e+04	30000	-108000
4.41113281e+04	200	0
4.41113281e+04	7650	40550
4.41113281e+04	11375	-17200
4.41113281e+04	1.32375000e+04	-65900
4.41113281e+04	15100	103250
4.41113281e+04	18825	59500
4.41113281e+04	22550	206500
4.41113281e+04	26275	-27500
4.41113281e+04	2.81375000e+04	-48250
4.41113281e+04	30000	-391500
4.65478516e+04	200	0
4.65478516e+04	15100	22750
4.65478516e+04	22550	46750
4.65478516e+04	30000	-87500
4.89843750e+04	200	0
4.89843750e+04	2.06250000e+03	7.56925000e+04
4.89843750e+04	2.52812500e+03	5.80925000e+04
4.89843750e+04	2.99375000e+03	-1.02297500e+05
4.89843750e+04	3.22656250e+03	-3.40775000e+04
4.89843750e+04	3.45937500e+03	-155180
4.89843750e+04	3925	47145
4.89843750e+04	4.39062500e+03	115970
4.89843750e+04	4.85625000e+03	6.77292500e+05
4.89843750e+04	5.08906250e+03	5.43175000e+04
4.89843750e+04	5.32187500e+03	2.21417500e+05
4.89843750e+04	5.55468750e+03	46650
4.89843750e+04	5.78750000e+03	-1.55899750e+06
4.89843750e+04	6.02031250e+03	-97950
4.89843750e+04	6.13671875e+03	-37650
4.89843750e+04	6.25312500e+03	-663025
4.89843750e+04	6.36953125e+03	-52675
4.89843750e+04	6.48593750e+03	-192425
4.89843750e+04	6.60234375e+03	-39900
4.89843750e+04	6.71875000e+03	-1105075
4.89843750e+04	6.95156250e+03	21725
4.89843750e+04	7.18437500e+03	293150
4.89843750e+04	7.41718750e+03	93325
4.89843750e+04	7650	2551950
4.89843750e+04	7.88281250e+03	44400
4.89843750e+04	8.11562500e+03	125825
4.89843750e+04	8.58125000e+03	399225
4.89843750e+04	9.04687500e+03	99500
4.89843750e+04	9.51250000e+03	1935800
4.89843750e+04	9.74531250e+03	33000
4.89843750e+04	9.97812500e+03	133550
4.89843750e+04	1.02109375e+04	33800
4.89843750e+04	1.04437500e+04	577575
4.89843750e+04	1.06765625e+04	39350
4.89843750e+04	1.09093750e+04	155225
4.89843750e+04	1.11421875e+04	35425
4.89843750e+04	11375	-3181600
4.89843750e+04	1.18406250e+04	-58700
4.89843750e+04	1.20734375e+04	-37625
4.89843750e+04	1.23062500e+04	-969275
4.89843750e+04	1.25390625e+04	-86125
4.89843750e+04	1.27718750e+04	-415775
4.89843750e+04	1.30046875e+04	-118450
4.89843750e+04	1.32375000e+04	-5441700
4.89843750e+04	1.34703125e+04	-117375
4.89843750e+04	1.37031250e+04	-406975
4.89843750e+04	1.39359375e+04	-83050
4.89843750e+04	1.41687500e+04	-902025
4.89843750e+04	1.44015625e+04	-32500
4.89843750e+04	1.46343750e+04	-35750
4.89843750e+04	15100	8380500
4.89843750e+04	1.53328125e+04	39000
4.89843750e+04	1.55656250e+04	175500
4.89843750e+04	1.57984375e+04	47000
4.89843750e+04	1.60312500e+04	691750
4.89843750e+04	1.62640625e+04	42750
4.89843750e+04	1.64968750e+04	153750
4.89843750e+04	1.67296875e+04	34500
4.89843750e+04	1.69625000e+04	1888750
4.89843750e+04	1.74281250e+04	84750
4.89843750e+04	1.78937500e+04	252000
4.89843750e+04	1.83593750e+04	46250
4.89843750e+04	18825	4682750
4.89843750e+04	1.92906250e+04	39750
4.89843750e+04	1.97562500e+04	191750
4.89843750e+04	2.02218750e+04	57000
4.89843750e+04	2.06875000e+04	1236500
4.89843750e+04	2.11531250e+04	92500
4.89843750e+04	2.16187500e+04	452750
4.89843750e+04	2.20843750e+04	135250
4.89843750e+04	2.23171875e+04	35000
4.89843750e+04	22550	13036250
4.89843750e+04	2.27828125e+04	39750
4.89843750e+04	2.30156250e+04	163500
4.89843750e+04	2.32484375e+04	41750
4.89843750e+04	2.34812500e+04	635500
4.89843750e+04	2.37140625e+04	39750
4.89843750e+04	2.39468750e+04	148000
4.89843750e+04	2.41796875e+04	33750
4.89843750e+04	2.44125000e+04	1576500
4.89843750e+04	2.48781250e+04	70750
4.89843750e+04	2.53437500e+04	37500
4.89843750e+04	2.58093750e+04	-55750
4.89843750e+04	26275	-6443500
4.89843750e+04	2.65078125e+04	-38750
4.89843750e+04	2.67406250e+04	-185000
4.89843750e+04	2.69734375e+04	-53250
4.89843750e+04	2.72062500e+04	-927250
4.89843750e+04	2.74390625e+04	-64500
4.89843750e+04	2.76718750e+04	-271750
4.89843750e+04	2.79046875e+04	-71250
4.89843750e+04	2.81375000e+04	-4303500
4.89843750e+04	2.83703125e+04	-73500
4.89843750e+04	2.86031250e+04	-292500
4.89843750e+04	2.88359375e+04	-71500
4.89843750e+04	2.90687500e+04	-1088750
4.89843750e+04	2.93015625e+04	-65750
4.89843750e+04	2.95343750e+04	-245750
4.89843750e+04	2.97671875e+04	-56000
4.89843750e+04	30000	-28594000
5.14208984e+04	200	0
5.14208984e+04	15100	17500
5.14208984e+04	22550	40500
5.14208984e+04	30000	-73000
5.38574219e+04	200	0
5.38574219e+04	7650	31050
5.38574219e+04	11375	-2350
5.38574219e+04	1.32375000e+04	-38425
5.38574219e+04	15100	61750
5.38574219e+04	18825	41000
5.38574219e+04	22550	149500
5.38574219e+04	30000	-266500
5.62939453e+04	200	0
5.62939453e+04	15100	14250
5.62939453e+04	22550	35000
5.62939453e+04	30000	-61500
5.87304688e+04	200	0
5.87304688e+04	3925	2675
5.87304688e+04	5.78750000e+03	-2.84375000e+04
5.87304688e+04	6.71875000e+03	-48275
5.87304688e+04	7650	108350
5.87304688e+04	9.51250000e+03	46225
5.87304688e+04	11375	1600
5.87304688e+04	1.32375000e+04	-123975
5.87304688e+04	1.41687500e+04	-48175
5.87304688e+04	15100	202250
5.87304688e+04	1.69625000e+04	64750
5.87304688e+04	18825	142000
5.87304688e+04	22550	517000
5.87304688e+04	2.44125000e+04	63750
5.87304688e+04	26275	22000
5.87304688e+04	2.81375000e+04	-78250
5.87304688e+04	30000	-907500
6.11669922e+04	200	0
6.11669922e+04	15100	11500
6.11669922e+04	30000	-52000
6.36035156e+04	200	0
6.36035156e+04	15100	40000
6.36035156e+04	22550	112000
6.36035156e+04	30000	-192000
6.60400391e+04	200	0
6.60400391e+04	15100	9500
6.60400391e+04	30000	-44000
6.84765625e+04	200	0
6.84765625e+04	3925	10865
6.84765625e+04	4.85625000e+03	47725
6.84765625e+04	5.78750000e+03	-75245
6.84765625e+04	6.71875000e+03	-149075
6.84765625e+04	7650	347850
6.84765625e+04	8.58125000e+03	39150
6.84765625e+04	9.51250000e+03	137700
6.84765625e+04	1.04437500e+04	37950
6.84765625e+04	11375	59775
6.84765625e+04	1.32375000e+04	-331225
6.84765625e+04	1.37031250e+04	-35625
6.84765625e+04	1.41687500e+04	-142375
6.84765625e+04	15100	549250
6.84765625e+04	1.60312500e+04	37250
6.84765625e+04	1.69625000e+04	190000
6.84765625e+04	1.78937500e+04	38250
6.84765625e+04	18825	438250
6.84765625e+04	2.06875000e+04	63250
6.84765625e+04	22550	1607250
6.84765625e+04	2.34812500e+04	42750
6.84765625e+04	2.44125000e+04	187750
6.84765625e+04	2.53437500e+04	45000
6.84765625e+04	26275	164000
6.84765625e+04	2.81375000e+04	-191750
6.84765625e+04	2.90687500e+04	-81250
6.84765625e+04	30000	-2732500
7.09130859e+04	200	0
7.09130859e+04	15100	7500
7.09130859e+04	30000	-38000
7.33496094e+04	200	0
7.33496094e+04	15100	26250
7.33496094e+04	22550	85250
7.33496094e+04	30000	-142500
7.57861328e+04	200	0
7.57861328e+04	15100	5750
7.57861328e+04	30000	-32500
7.82226562e+04	200	0
7.82226562e+04	7650	68500
7.82226562e+04	11375	23375
7.82226562e+04	1.32375000e+04	-51150
7.82226562e+04	15100	86500
7.82226562e+04	1.69625000e+04	33250
7.82226562e+04	18825	81750
7.82226562e+04	22550	305750
7.82226562e+04	2.44125000e+04	33500
7.82226562e+04	26275	50000
7.82226562e+04	30000	-500000
8.30957031e+04	200	0
8.30957031e+04	15100	18250
8.30957031e+04	22550	67500
8.30957031e+04	30000	-109500
8.79687500e+04	200	0
8.79687500e+04	2.06250000e+03	1.44227500e+05
8.79687500e+04	2.52812500e+03	79300
8.79687500e+04	2.99375000e+03	-9.60575000e+04
8.79687500e+04	3.22656250e+03	-35110
8.79687500e+04	3.45937500e+03	-2.16232500e+05
8.79687500e+04	3.69218750e+03	-3.71775000e+04
8.79687500e+04	3925	168645
8.79687500e+04	4.15781250e+03	41975
8.79687500e+04	4.39062500e+03	171615
8.79687500e+04	4.62343750e+03	45535
8.79687500e+04	4.85625000e+03	9.58967500e+05
8.79687500e+04	5.08906250e+03	7.38925000e+04
8.79687500e+04	5.32187500e+03	3.17917500e+05
8.79687500e+04	5.55468750e+03	74125
8.79687500e+04	5.78750000e+03	-1.88347250e+06
8.79687500e+04	6.02031250e+03	-88975
8.79687500e+04	6.13671875e+03	-38575
8.79687500e+04	6.25312500e+03	-770325
8.79687500e+04	6.36953125e+03	-64125
8.79687500e+04	6.48593750e+03	-260950
8.79687500e+04	6.60234375e+03	-62325
8.79687500e+04	6.71875000e+03	-2033225
8.79687500e+04	6.83515625e+03	-33775
8.79687500e+04	6.95156250e+03	-62775
8.79687500e+04	7.18437500e+03	171950
8.79687500e+04	7.41718750e+03	116975
8.79687500e+04	7650	4906350
8.79687500e+04	7.88281250e+03	89200
8.79687500e+04	8.11562500e+03	255975
8.79687500e+04	8.34843750e+03	43825
8.79687500e+04	8.58125000e+03	690600
8.79687500e+04	8.81406250e+03	33050
8.79687500e+04	9.04687500e+03	139975
8.79687500e+04	9.27968750e+03	37875
8.79687500e+04	9.51250000e+03	2802175
8.79687500e+04	9.74531250e+03	44900
8.79687500e+04	9.97812500e+03	184825
8.79687500e+04	1.02109375e+04	47375
8.79687500e+04	1.04437500e+04	796675
8.79687500e+04	1.06765625e+04	52850
8.79687500e+04	1.09093750e+04	214600
8.79687500e+04	1.11421875e+04	52150
8.79687500e+04	11375	-2178600
8.79687500e+04	1.18406250e+04	5000
8.79687500e+04	1.20734375e+04	-25450
8.79687500e+04	1.23062500e+04	-883150
8.79687500e+04	1.25390625e+04	-85775
8.79687500e+04	1.27718750e+04	-445900
8.79687500e+04	1.30046875e+04	-134225
8.79687500e+04	1.31210938e+04	-35975
8.79687500e+04	1.32375000e+04	-6987025
8.79687500e+04	1.33539062e+04	-37800
8.79687500e+04	1.34703125e+04	-152400
8.79687500e+04	1.35867188e+04	-37900
8.79687500e+04	1.37031250e+04	-580425
8.79687500e+04	1.38195312e+04	-35350
8.79687500e+04	1.39359375e+04	-133425
8.79687500e+04	1.41687500e+04	-1716925
8.79687500e+04	1.44015625e+04	-87800
8.79687500e+04	1.46343750e+04	-242150
8.79687500e+04	1.48671875e+04	-33750
8.79687500e+04	15100	10961000
8.79687500e+04	1.53328125e+04	11750
8.79687500e+04	1.55656250e+04	113250
8.79687500e+04	1.57984375e+04	42000
8.79687500e+04	1.60312500e+04	724750
8.79687500e+04	1.62640625e+04	55000
8.79687500e+04	1.64968750e+04	218500
8.79687500e+04	1.67296875e+04	54000
8.79687500e+04	1.69625000e+04	2831750
8.79687500e+04	1.71953125e+04	46000
8.79687500e+04	1.74281250e+04	167000
8.79687500e+04	1.76609375e+04	37000
8.79687500e+04	1.78937500e+04	528000
8.79687500e+04	1.83593750e+04	100500
8.79687500e+04	18825	7453750
8.79687500e+04	1.92906250e+04	71750
8.79687500e+04	1.97562500e+04	294000
8.79687500e+04	2.02218750e+04	79750
8.79687500e+04	2.06875000e+04	1631000
8.79687500e+04	2.11531250e+04	115500
8.79687500e+04	2.16187500e+04	565500
8.79687500e+04	2.18515625e+04	38750
8.79687500e+04	2.20843750e+04	167500
8.79687500e+04	2.23171875e+04	45250
8.79687500e+04	22550	23389250
8.79687500e+04	2.27828125e+04	50500
8.79687500e+04	2.30156250e+04	212000
8.79687500e+04	2.32484375e+04	54500
8.79687500e+04	2.34812500e+04	865000
8.79687500e+04	2.37140625e+04	55000
8.79687500e+04	2.39468750e+04	212000
8.79687500e+04	2.41796875e+04	51500
8.79687500e+04	2.44125000e+04	2657750
8.79687500e+04	2.46453125e+04	42500
8.79687500e+04	2.48781250e+04	145250
8.79687500e+04	2.53437500e+04	326250
8.79687500e+04	2.58093750e+04	11500
8.79687500e+04	26275	-4484000
8.79687500e+04	2.65078125e+04	-26500
8.79687500e+04	2.67406250e+04	-148750
8.79687500e+04	2.69734375e+04	-45750
8.79687500e+04	2.72062500e+04	-877250
8.79687500e+04	2.74390625e+04	-64500
8.79687500e+04	2.76718750e+04	-285000
8.79687500e+04	2.79046875e+04	-78000
8.79687500e+04	2.81375000e+04	-4954750
8.79687500e+04	2.83703125e+04	-87250
8.79687500e+04	2.86031250e+04	-361000
8.79687500e+04	2.88359375e+04	-91750
8.79687500e+04	2.90687500e+04	-1460500
8.79687500e+04	2.93015625e+04	-92250
8.79687500e+04	2.95343750e+04	-360500
8.79687500e+04	2.97671875e+04	-87750
8.79687500e+04	30000	-45253000
9.28417969e+04	200	0
9.28417969e+04	15100	12250
9.28417969e+04	22550	54000
9.28417969e+04	30000	-85500
9.77148438e+04	200	0
9.77148438e+04	7650	45600
9.77148438e+04	15100	41000
9.77148438e+04	18825	51500
9.77148438e+04	22550	196250
9.77148438e+04	26275	44750
9.77148438e+04	30000	-307000
1.02587891e+05	200	0
1.02587891e+05	15100	8250
1.02587891e+05	22550	43750
1.02587891e+05	30000	-68500
1.07460938e+05	200	0
1.07460938e+05	3925	10030
1.07460938e+05	5.78750000e+03	-1.31525000e+04
1.07460938e+05	6.71875000e+03	-56925
1.07460938e+05	7650	153750
1.07460938e+05	9.51250000e+03	53825
1.07460938e+05	11375	91475
1.07460938e+05	1.32375000e+04	-70150
1.07460938e+05	1.41687500e+04	-45875
1.07460938e+05	15100	118000
1.07460938e+05	1.69625000e+04	46750
1.07460938e+05	18825	172750
1.07460938e+05	22550	652000
1.07460938e+05	2.44125000e+04	62000
1.07460938e+05	26275	164250
1.07460938e+05	30000	-1006000
1.12333984e+05	200	0
1.12333984e+05	15100	5250
1.12333984e+05	22550	36500
1.12333984e+05	30000	-55500
1.17207031e+05	200	0
1.17207031e+05	15100	20000
1.17207031e+05	18825	34750
1.17207031e+05	22550	134250
1.17207031e+05	26275	36500
1.17207031e+05	30000	-203000
1.22080078e+05	200	0
1.22080078e+05	15100	3750
1.22080078e+05	30000	-45500
1.26953125e+05	200	0
1.26953125e+05	3925	36690
1.26953125e+05	4.85625000e+03	47170
1.26953125e+05	5.78750000e+03	-23970
1.26953125e+05	6.71875000e+03	-159850
1.26953125e+05	7.18437500e+03	-42950
1.26953125e+05	7650	453600
1.26953125e+05	8.58125000e+03	64775
1.26953125e+05	9.51250000e+03	160925
1.26953125e+05	1.04437500e+04	35750
1.26953125e+05	11375	315700
1.26953125e+05	1.32375000e+04	-160175
1.26953125e+05	1.41687500e+04	-121200
1.26953125e+05	1.46343750e+04	-37700
1.26953125e+05	15100	260000
1.26953125e+05	1.60312500e+04	-42000
1.26953125e+05	1.69625000e+04	92500
1.26953125e+05	1.78937500e+04	56500
1.26953125e+05	18825	490000
1.26953125e+05	2.06875000e+04	75000
1.26953125e+05	22550	1898500
1.26953125e+05	2.34812500e+04	32500
1.26953125e+05	2.44125000e+04	169750
1.26953125e+05	2.53437500e+04	50250
1.26953125e+05	26275	526000
1.26953125e+05	2.81375000e+04	750
1.26953125e+05	2.90687500e+04	-34250
1.26953125e+05	30000	-2858000
1.31826172e+05	200	0
1.31826172e+05	15100	2750
1.31826172e+05	30000	-38500
1.36699219e+05	200	0
1.36699219e+05	15100	10000
1.36699219e+05	22550	96000
1.36699219e+05	30000	-142000
1.41572266e+05	200	0
1.41572266e+05	15100	1750
1.41572266e+05	30000	-32500
1.46445312e+05	200	0
1.46445312e+05	7650	81150
1.46445312e+05	11375	66725
1.46445312e+05	15100	26000
1.46445312e+05	18825	83250
1.46445312e+05	22550	333000
1.46445312e+05	26275	103250
1.46445312e+05	30000	-486000
1.56191406e+05	200	0
1.56191406e+05	15100	5000
1.56191406e+05	22550	72500
1.56191406e+05	30000	-104000
1.65937500e+05	200	0
1.65937500e+05	2.06250000e+03	2.36752500e+05
1.65937500e+05	2.52812500e+03	9.76925000e+04
1.65937500e+05	2.76093750e+03	3.52125000e+04
1.65937500e+05	2.99375000e+03	-5.69025000e+04
1.65937500e+05	3.22656250e+03	-30950
1.65937500e+05	3.45937500e+03	-253080
1.65937500e+05	3.69218750e+03	-59780
1.65937500e+05	3925	489600
1.65937500e+05	4.15781250e+03	4.39525000e+04
1.65937500e+05	4.39062500e+03	216785
1.65937500e+05	4.62343750e+03	6.09625000e+04
1.65937500e+05	4.85625000e+03	1.22211250e+06
1.65937500e+05	5.08906250e+03	9.19575000e+04
1.65937500e+05	5.32187500e+03	4.06487500e+05
1.65937500e+05	5.55468750e+03	100600
1.65937500e+05	5.78750000e+03	-1.84661250e+06
1.65937500e+05	6.02031250e+03	-66250
1.65937500e+05	6.13671875e+03	-34550
1.65937500e+05	6.25312500e+03	-765375
1.65937500e+05	6.36953125e+03	-66375
1.65937500e+05	6.48593750e+03	-288775
1.65937500e+05	6.60234375e+03	-74550
1.65937500e+05	6.71875000e+03	-2865750
1.65937500e+05	6.83515625e+03	-55875
1.65937500e+05	6.95156250e+03	-159800
1.65937500e+05	7.18437500e+03	-138325
1.65937500e+05	7.41718750e+03	77325
1.65937500e+05	7650	7541125
1.65937500e+05	7.76640625e+03	34600
1.65937500e+05	7.88281250e+03	132175
1.65937500e+05	8.11562500e+03	431100
1.65937500e+05	8.34843750e+03	81425
1.65937500e+05	8.58125000e+03	1138200
1.65937500e+05	8.81406250e+03	51125
1.65937500e+05	9.04687500e+03	195400
1.65937500e+05	9.27968750e+03	48875
1.65937500e+05	9.51250000e+03	3821225
1.65937500e+05	9.74531250e+03	55575
1.65937500e+05	9.97812500e+03	230600
1.65937500e+05	1.02109375e+04	59725
1.65937500e+05	1.04437500e+04	995825
1.65937500e+05	1.06765625e+04	65675
1.65937500e+05	1.09093750e+04	266725
1.65937500e+05	1.11421875e+04	65550
1.65937500e+05	11375	176700
1.65937500e+05	1.16078125e+04	42875
1.65937500e+05	1.18406250e+04	76725
1.65937500e+05	1.20734375e+04	-7650
1.65937500e+05	1.23062500e+04	-661925
1.65937500e+05	1.25390625e+04	-73975
1.65937500e+05	1.27718750e+04	-417100
1.65937500e+05	1.30046875e+04	-132175
1.65937500e+05	1.31210938e+04	-35975
1.65937500e+05	1.32375000e+04	-7480325
1.65937500e+05	1.33539062e+04	-39975
1.65937500e+05	1.34703125e+04	-163500
1.65937500e+05	1.35867188e+04	-41625
1.65937500e+05	1.37031250e+04	-657575
1.65937500e+05	1.38195312e+04	-41000
1.65937500e+05	1.39359375e+04	-160925
1.65937500e+05	1.40523438e+04	-38825
1.65937500e+05	1.41687500e+04	-2267150
1.65937500e+05	1.42851562e+04	-35175
1.65937500e+05	1.44015625e+04	-130375
1.65937500e+05	1.46343750e+04	-433375
1.65937500e+05	1.48671875e+04	-84700
1.65937500e+05	15100	11522550
1.65937500e+05	1.53328125e+04	-37275
1.65937500e+05	1.55656250e+04	-64275
1.65937500e+05	1.57984375e+04	4000
1.65937500e+05	1.60312500e+04	269975
1.65937500e+05	1.62640625e+04	34750
1.65937500e+05	1.64968750e+04	175750
1.65937500e+05	1.67296875e+04	51000
1.65937500e+05	1.69625000e+04	2769225
1.65937500e+05	1.71953125e+04	57000
1.65937500e+05	1.74281250e+04	225500
1.65937500e+05	1.76609375e+04	55000
1.65937500e+05	1.78937500e+04	818750
1.65937500e+05	1.81265625e+04	48250
1.65937500e+05	1.83593750e+04	178750
1.65937500e+05	1.85921875e+04	40500
1.65937500e+05	18825	9974725
1.65937500e+05	1.90578125e+04	35500
1.65937500e+05	1.92906250e+04	128500
1.65937500e+05	1.97562500e+04	481000
1.65937500e+05	2.02218750e+04	116500
1.65937500e+05	2.06875000e+04	2173000
1.65937500e+05	2.09203125e+04	32750
1.65937500e+05	2.11531250e+04	143750
1.65937500e+05	2.13859375e+04	38500
1.65937500e+05	2.16187500e+04	672500
1.65937500e+05	2.18515625e+04	45000
1.65937500e+05	2.20843750e+04	195750
1.65937500e+05	2.23171875e+04	52250
1.65937500e+05	22550	34293975
1.65937500e+05	2.27828125e+04	58500
1.65937500e+05	2.30156250e+04	247750
1.65937500e+05	2.32484375e+04	64750
1.65937500e+05	2.34812500e+04	1032000
1.65937500e+05	2.37140625e+04	65750
1.65937500e+05	2.39468750e+04	261250
1.65937500e+05	2.41796875e+04	63500
1.65937500e+05	2.44125000e+04	3547250
1.65937500e+05	2.46453125e+04	57000
1.65937500e+05	2.48781250e+04	208250
1.65937500e+05	2.51109375e+04	45750
1.65937500e+05	2.53437500e+04	598250
1.65937500e+05	2.58093750e+04	83500
1.65937500e+05	26275	-1059250
1.65937500e+05	2.65078125e+04	-9500
1.65937500e+05	2.67406250e+04	-79000
1.65937500e+05	2.69734375e+04	-31000
1.65937500e+05	2.72062500e+04	-642750
1.65937500e+05	2.74390625e+04	-50750
1.65937500e+05	2.76718750e+04	-239250
1.65937500e+05	2.79046875e+04	-67500
1.65937500e+05	2.81375000e+04	-4571500
1.65937500e+05	2.83703125e+04	-82500
1.65937500e+05	2.86031250e+04	-353250
1.65937500e+05	2.88359375e+04	-93750
1.65937500e+05	2.90687500e+04	-1529750
1.65937500e+05	2.93015625e+04	-99750
1.65937500e+05	2.95343750e+04	-402500
1.65937500e+05	2.97671875e+04	-101250
1.65937500e+05	30000	-60973000
1.75683594e+05	200	0
1.75683594e+05	15100	750
1.75683594e+05	22550	55250
1.75683594e+05	30000	-77500
1.85429688e+05	200	0
1.85429688e+05	7650	47850
1.85429688e+05	11375	47650
1.85429688e+05	15100	500
1.85429688e+05	18825	43000
1.85429688e+05	22550	195750
1.85429688e+05	26275	65250
1.85429688e+05	30000	-274000
1.95175781e+05	200	0
1.95175781e+05	15100	-750
1.95175781e+05	22550	43000
1.95175781e+05	30000	-59500
2.04921875e+05	200	0
2.04921875e+05	3925	24175
2.04921875e+05	5.78750000e+03	1.09875000e+04
2.04921875e+05	6.71875000e+03	-43375
2.04921875e+05	7650	152350
2.04921875e+05	9.51250000e+03	63575
2.04921875e+05	11375	162350
2.04921875e+05	15100	-14000
2.04921875e+05	1.60312500e+04	-37250
2.04921875e+05	1.69625000e+04	-34750
2.04921875e+05	18825	130000
2.04921875e+05	2.06875000e+04	35750
2.04921875e+05	22550	627250
2.04921875e+05	2.44125000e+04	46250
2.04921875e+05	26275	216250
2.04921875e+05	2.81375000e+04	41500
2.04921875e+05	30000	-869000
2.14667969e+05	200	0
2.14667969e+05	15100	-2000
2.14667969e+05	22550	34250
2.14667969e+05	30000	-47000
2.24414062e+05	200	0
2.24414062e+05	7650	30200
2.24414062e+05	11375	34750
2.24414062e+05	15100	-7000
2.24414062e+05	22550	125000
2.24414062e+05	26275	43500
2.24414062e+05	30000	-170000
2.34160156e+05	200	0
2.34160156e+05	15100	-1500
2.34160156e+05	30000	-38000
2.43906250e+05	200	0
2.43906250e+05	3925	79745
2.43906250e+05	4.85625000e+03	40740
2.43906250e+05	5.78750000e+03	47115
2.43906250e+05	6.71875000e+03	-110275
2.43906250e+05	7.18437500e+03	-60325
2.43906250e+05	7650	419675
2.43906250e+05	8.58125000e+03	88650
2.43906250e+05	9.51250000e+03	189250
2.43906250e+05	11375	495700
2.43906250e+05	1.23062500e+04	42775
2.43906250e+05	1.32375000e+04	9100
2.43906250e+05	1.41687500e+04	-54875
2.43906250e+05	15100	-118450
2.43906250e+05	1.55656250e+04	-33025
2.43906250e+05	1.60312500e+04	-114275
2.43906250e+05	1.69625000e+04	-158025
2.43906250e+05	18825	305975
2.43906250e+05	1.97562500e+04	40500
2.43906250e+05	2.06875000e+04	117500
2.43906250e+05	22550	1736225
2.43906250e+05	2.44125000e+04	124500
2.43906250e+05	2.53437500e+04	39000
2.43906250e+05	26275	618250
2.43906250e+05	2.72062500e+04	46500
2.43906250e+05	2.81375000e+04	135750
2.43906250e+05	30000	-2358000
2.63398438e+05	200	0
2.63398438e+05	15100	-9300
2.63398438e+05	22550	85025
2.63398438e+05	30000	-112500
2.82890625e+05	200	0
2.82890625e+05	7650	67975
2.82890625e+05	9.51250000e+03	34375
2.82890625e+05	11375	91900
2.82890625e+05	15100	-36850
2.82890625e+05	1.69625000e+04	-40825
2.82890625e+05	18825	36425
2.82890625e+05	22550	285925
2.82890625e+05	26275	105500
2.82890625e+05	30000	-378000
3.02382812e+05	200	0
3.02382812e+05	15100	-9250
3.02382812e+05	22550	60500
3.02382812e+05	30000	-78500
321875	200	0
321875	2.06250000e+03	340560
321875	2.52812500e+03	1.12332500e+05
321875	2.76093750e+03	41190
321875	2.99375000e+03	4830
321875	3.22656250e+03	-24325
321875	3.45937500e+03	-2.62912500e+05
321875	3.69218750e+03	-7.39175000e+04
321875	3925	1065470
321875	4.15781250e+03	33175
321875	4.39062500e+03	230595
321875	4.62343750e+03	74750
321875	4.85625000e+03	1434955
321875	5.08906250e+03	108375
321875	5.32187500e+03	483330
321875	5.43828125e+03	32675
321875	5.55468750e+03	123125
321875	5.78750000e+03	-1408810
321875	6.02031250e+03	-40325
321875	6.13671875e+03	-28275
321875	6.25312500e+03	-695550
321875	6.36953125e+03	-62700
321875	6.48593750e+03	-285175
321875	6.60234375e+03	-76675
321875	6.71875000e+03	-3334125
321875	6.83515625e+03	-66625
321875	6.95156250e+03	-220925
321875	7.06796875e+03	-42800
321875	7.18437500e+03	-460375
321875	7.41718750e+03	-8250
321875	7650	9690375
321875	7.76640625e+03	27625
321875	7.88281250e+03	127675
321875	7.99921875e+03	34950
321875	8.11562500e+03	531150
321875	8.23203125e+03	33800
321875	8.34843750e+03	125275
321875	8.58125000e+03	1644400
321875	8.81406250e+03	82625
321875	9.04687500e+03	288250
321875	9.27968750e+03	65175
321875	9.51250000e+03	4980750
321875	9.74531250e+03	66350
321875	9.97812500e+03	272475
321875	1.02109375e+04	70225
321875	1.04437500e+04	1170600
321875	1.06765625e+04	77050
321875	1.09093750e+04	312175
321875	1.11421875e+04	76975
321875	11375	3272525
321875	1.16078125e+04	55775
321875	1.18406250e+04	134950
321875	1.20734375e+04	8475
321875	1.23062500e+04	-417775
321875	1.25390625e+04	-58175
321875	1.27718750e+04	-361825
321875	1.30046875e+04	-120600
321875	1.31210938e+04	-33525
321875	1.32375000e+04	-7177175
321875	1.33539062e+04	-38075
321875	1.34703125e+04	-158925
321875	1.35867188e+04	-40850
321875	1.37031250e+04	-657425
321875	1.38195312e+04	-41650
321875	1.39359375e+04	-165800
321875	1.40523438e+04	-40650
321875	1.41687500e+04	-2450400
321875	1.42851562e+04	-38450
321875	1.44015625e+04	-147875
321875	1.45179688e+04	-34975
321875	1.46343750e+04	-528225
321875	1.48671875e+04	-115200
321875	15100	10100850
321875	1.53328125e+04	-78200
321875	1.55656250e+04	-238150
321875	1.57984375e+04	-41050
321875	1.60312500e+04	-408125
321875	1.62640625e+04	-6275
321875	1.64968750e+04	24475
321875	1.67296875e+04	20250
321875	1.69625000e+04	1303575
321875	1.71953125e+04	39000
321875	1.74281250e+04	180250
321875	1.76609375e+04	50250
321875	1.78937500e+04	825250
321875	1.81265625e+04	54750
321875	1.83593750e+04	220000
321875	1.85921875e+04	54250
321875	18825	10748325
321875	1.90578125e+04	50750
321875	1.92906250e+04	196750
321875	1.95234375e+04	47500
321875	1.97562500e+04	735500
321875	1.99890625e+04	44000
321875	2.02218750e+04	174750
321875	2.04546875e+04	43250
321875	2.06875000e+04	2968250
321875	2.09203125e+04	45250
321875	2.11531250e+04	184000
321875	2.13859375e+04	47750
321875	2.16187500e+04	817250
321875	2.18515625e+04	52750
321875	2.20843750e+04	227250
321875	2.23171875e+04	60000
321875	22550	43420575
321875	2.27828125e+04	66250
321875	2.30156250e+04	277250
321875	2.32484375e+04	72000
321875	2.34812500e+04	1160000
321875	2.37140625e+04	74000
321875	2.39468750e+04	296750
321875	2.41796875e+04	73750
321875	2.44125000e+04	4188000
321875	2.46453125e+04	68250
321875	2.48781250e+04	252500
321875	2.51109375e+04	58250
321875	2.53437500e+04	799500
321875	2.55765625e+04	43500
321875	2.58093750e+04	139500
321875	26275	2370750
321875	2.65078125e+04	6250
321875	2.67406250e+04	-15250
321875	2.69734375e+04	-14000
321875	2.72062500e+04	-382250
321875	2.74390625e+04	-34500
321875	2.76718750e+04	-175000
321875	2.79046875e+04	-52500
321875	2.81375000e+04	-3670750
321875	2.83703125e+04	-68750
321875	2.86031250e+04	-301500
321875	2.88359375e+04	-80250
321875	2.90687500e+04	-1368500
321875	2.93015625e+04	-90000
321875	2.95343750e+04	-375500
321875	2.97671875e+04	-96500
321875	30000	-73002000
3.41367188e+05	200	0
3.41367188e+05	15100	-8850
3.41367188e+05	22550	44300
3.41367188e+05	30000	-56500
3.60859375e+05	200	0
3.60859375e+05	7650	35700
3.60859375e+05	11375	57625
3.60859375e+05	15100	-32850
3.60859375e+05	1.69625000e+04	-32200
3.60859375e+05	18825	5050
3.60859375e+05	22550	154300
3.60859375e+05	26275	59750
3.60859375e+05	30000	-198500
3.80351562e+05	200	0
3.80351562e+05	15100	-7800
3.80351562e+05	22550	33650
3.80351562e+05	30000	-43000
3.99843750e+05	200	0
3.99843750e+05	3925	39080
3.99843750e+05	5.78750000e+03	3.35475000e+04
3.99843750e+05	7650	110400
3.99843750e+05	9.51250000e+03	70400
3.99843750e+05	11375	190325
3.99843750e+05	15100	-118400
3.99843750e+05	1.60312500e+04	-39550
3.99843750e+05	1.69625000e+04	-111800
3.99843750e+05	18825	-6800
3.99843750e+05	2.06875000e+04	51500
3.99843750e+05	22550	483450
3.99843750e+05	2.44125000e+04	33000
3.99843750e+05	26275	190250
3.99843750e+05	2.81375000e+04	56750
3.99843750e+05	30000	-617000
4.19335938e+05	200	0
4.19335938e+05	15100	-7000
4.19335938e+05	30000	-33000
4.38828125e+05	200	0
4.38828125e+05	7650	20800
4.38828125e+05	11375	38900
4.38828125e+05	15100	-26750
4.38828125e+05	22550	92250
4.38828125e+05	26275	37000
4.38828125e+05	30000	-116500
4.77812500e+05	200	0
4.77812500e+05	3925	119560
4.77812500e+05	5.78750000e+03	1.06607500e+05
4.77812500e+05	6.71875000e+03	-38975
4.77812500e+05	7.18437500e+03	-43850
4.77812500e+05	7650	286400
4.77812500e+05	8.58125000e+03	74300
4.77812500e+05	9.51250000e+03	203025
4.77812500e+05	11375	549475
4.77812500e+05	1.23062500e+04	38350
4.77812500e+05	1.32375000e+04	96100
4.77812500e+05	15100	-382800
4.77812500e+05	1.60312500e+04	-104550
4.77812500e+05	1.69625000e+04	-343100
4.77812500e+05	1.78937500e+04	-40500
4.77812500e+05	18825	-125850
4.77812500e+05	1.97562500e+04	40500
4.77812500e+05	2.06875000e+04	151250
4.77812500e+05	22550	1277150
4.77812500e+05	2.44125000e+04	92750
4.77812500e+05	26275	522000
4.77812500e+05	2.72062500e+04	39500
4.77812500e+05	2.81375000e+04	161750
4.77812500e+05	2.90687500e+04	38250
4.77812500e+05	30000	-1621000
5.16796875e+05	200	0
5.16796875e+05	15100	-21250
5.16796875e+05	22550	59000
5.16796875e+05	30000	-74500
5.55781250e+05	200	0
5.55781250e+05	7650	42900
5.55781250e+05	9.51250000e+03	35225
5.55781250e+05	11375	95650
5.55781250e+05	15100	-75400
5.55781250e+05	1.69625000e+04	-62300
5.55781250e+05	18825	-47550
5.55781250e+05	22550	196200
5.55781250e+05	26275	84750
5.55781250e+05	30000	-248000
5.94765625e+05	200	0
5.94765625e+05	15100	-17050
5.94765625e+05	22550	40400
5.94765625e+05	30000	-50500
633750	200	0
633750	2.06250000e+03	441115
633750	2.52812500e+03	123410
633750	2.76093750e+03	45810
633750	2.99375000e+03	7.37325000e+04
633750	3.22656250e+03	-1.73875000e+04
633750	3.45937500e+03	-2.54382500e+05
633750	3.69218750e+03	-79185
633750	3925	1819045
633750	4.15781250e+03	16825
633750	4.39062500e+03	2.08482500e+05
633750	4.62343750e+03	8.11575000e+04
633750	4.85625000e+03	1573575
633750	5.08906250e+03	1.23347500e+05
633750	5.20546875e+03	33570
633750	5.32187500e+03	5.49752500e+05
633750	5.43828125e+03	37015
633750	5.55468750e+03	141765
633750	5.67109375e+03	32400
633750	5.78750000e+03	-703885
633750	6.02031250e+03	-16450
633750	6.13671875e+03	-22250
633750	6.25312500e+03	-606850
633750	6.36953125e+03	-57275
633750	6.48593750e+03	-267150
633750	6.60234375e+03	-73375
633750	6.71875000e+03	-3420525
633750	6.83515625e+03	-68025
633750	6.95156250e+03	-240025
633750	7.06796875e+03	-51200
633750	7.18437500e+03	-650125
633750	7.41718750e+03	-81900
633750	7650	11024175
633750	7.76640625e+03	8875
633750	7.88281250e+03	66925
633750	7.99921875e+03	23950
633750	8.11562500e+03	433550
633750	8.23203125e+03	32800
633750	8.34843750e+03	136725
633750	8.46484375e+03	34875
633750	8.58125000e+03	1916475
633750	8.69765625e+03	32450
633750	8.81406250e+03	121500
633750	9.04687500e+03	423975
633750	9.27968750e+03	92325
633750	9.51250000e+03	6123850
633750	9.74531250e+03	81525
633750	9.97812500e+03	322275
633750	1.02109375e+04	80750
633750	1.04437500e+04	1339275
633750	1.06765625e+04	86775
633750	1.09093750e+04	351350
633750	1.11421875e+04	86775
633750	11375	6423200
633750	1.16078125e+04	65525
633750	1.18406250e+04	177075
633750	1.20734375e+04	19950
633750	1.23062500e+04	-216025
633750	1.25390625e+04	-44275
633750	1.27718750e+04	-305550
633750	1.30046875e+04	-106925
633750	1.31210938e+04	-30250
633750	1.32375000e+04	-6546850
633750	1.33539062e+04	-35275
633750	1.34703125e+04	-148125
633750	1.35867188e+04	-38550
633750	1.37031250e+04	-622325
633750	1.38195312e+04	-39675
633750	1.39359375e+04	-159350
633750	1.40523438e+04	-39225
633750	1.41687500e+04	-2403475
633750	1.42851562e+04	-37950
633750	1.44015625e+04	-147675
633750	1.45179688e+04	-35525
633750	1.46343750e+04	-543800
633750	1.47507812e+04	-33000
633750	1.48671875e+04	-123575
633750	15100	7541000
633750	1.53328125e+04	-96050
633750	1.55656250e+04	-329475
633750	1.57984375e+04	-68525
633750	1.60312500e+04	-895075
633750	1.62640625e+04	-42075
633750	1.64968750e+04	-121100
633750	1.67296875e+04	-18075
633750	1.69625000e+04	-698625
633750	1.71953125e+04	3750
633750	1.74281250e+04	51500
633750	1.76609375e+04	21250
633750	1.78937500e+04	450750
633750	1.81265625e+04	36500
633750	1.83593750e+04	164750
633750	1.85921875e+04	45750
633750	18825	8811625
633750	1.90578125e+04	52250
633750	1.92906250e+04	213500
633750	1.95234375e+04	54750
633750	1.97562500e+04	883500
633750	1.99890625e+04	56250
633750	2.02218750e+04	226000
633750	2.04546875e+04	56750
633750	2.06875000e+04	3748750
633750	2.09203125e+04	57500
633750	2.11531250e+04	238500
633750	2.13859375e+04	61000
633750	2.16187500e+04	1015250
633750	2.18515625e+04	65750
633750	2.20843750e+04	271250
633750	2.23171875e+04	70500
633750	22550	49481875
633750	2.27828125e+04	75500
633750	2.30156250e+04	313000
633750	2.32484375e+04	81000
633750	2.34812500e+04	1291500
633750	2.37140625e+04	82500
633750	2.39468750e+04	327500
633750	2.41796875e+04	80500
633750	2.44125000e+04	4719250
633750	2.46453125e+04	75000
633750	2.48781250e+04	286000
633750	2.51109375e+04	67000
633750	2.53437500e+04	940750
633750	2.55765625e+04	53000
633750	2.58093750e+04	178750
633750	2.60421875e+04	36250
633750	26275	5153250
633750	2.65078125e+04	17750
633750	2.67406250e+04	31500
633750	2.69734375e+04	-2750
633750	2.72062500e+04	-178500
633750	2.74390625e+04	-22000
633750	2.76718750e+04	-120500
633750	2.79046875e+04	-38500
633750	2.81375000e+04	-2795500
633750	2.83703125e+04	-54000
633750	2.86031250e+04	-243750
633750	2.88359375e+04	-66750
633750	2.90687500e+04	-1144500
633750	2.93015625e+04	-77500
633750	2.95343750e+04	-322250
633750	2.97671875e+04	-83750
633750	30000	-80860500
6.72734375e+05	200	0
6.72734375e+05	15100	-13700
6.72734375e+05	30000	-36000
7.11718750e+05	200	0
7.11718750e+05	7650	20525
7.11718750e+05	11375	56000
7.11718750e+05	15100	-49050
7.11718750e+05	1.69625000e+04	-35725
7.11718750e+05	18825	-47225
7.11718750e+05	22550	96275
7.11718750e+05	26275	46500
7.11718750e+05	30000	-125000
7.89687500e+05	200	0
7.89687500e+05	3925	46675
7.89687500e+05	5.78750000e+03	45125
7.89687500e+05	7650	61475
7.89687500e+05	9.51250000e+03	64700
7.89687500e+05	11375	180950
7.89687500e+05	1.32375000e+04	40000
7.89687500e+05	15100	-165400
7.89687500e+05	1.69625000e+04	-115925
7.89687500e+05	18825	-173425
7.89687500e+05	2.06875000e+04	40000
7.89687500e+05	22550	285575
7.89687500e+05	26275	148500
7.89687500e+05	2.81375000e+04	47250
7.89687500e+05	30000	-380500
8.67656250e+05	200	0
8.67656250e+05	7650	11150
8.67656250e+05	11375	36050
8.67656250e+05	15100	-33950
8.67656250e+05	18825	-39900
8.67656250e+05	22550	51100
8.67656250e+05	30000	-71500
945625	200	0
945625	3925	135325
945625	5.78750000e+03	131800
945625	7650	152350
945625	8.11562500e+03	-35300
945625	8.58125000e+03	1825
945625	9.51250000e+03	175050
945625	11375	506425
945625	1.32375000e+04	114725
945625	15100	-482850
945625	1.60312500e+04	-51900
945625	1.69625000e+04	-308450
945625	1.78937500e+04	-85000
945625	18825	-577450
945625	2.06875000e+04	87000
945625	2.16187500e+04	35500
945625	22550	689550
945625	2.44125000e+04	92250
945625	26275	414500
945625	2.81375000e+04	129250
945625	2.90687500e+04	36500
945625	30000	-983500
1.02359375e+06	200	0
1.02359375e+06	15100	-24600
1.02359375e+06	18825	-33325
1.02359375e+06	22550	29175
1.02359375e+06	30000	-44500
1.10156250e+06	200	0
1.10156250e+06	7650	21225
1.10156250e+06	11375	84825
1.10156250e+06	15100	-85350
1.10156250e+06	1.69625000e+04	-48075
1.10156250e+06	18825	-117075
1.10156250e+06	22550	89925
1.10156250e+06	26275	69000
1.10156250e+06	30000	-147000
1257500	200	0
1257500	2.06250000e+03	5.28807500e+05
1257500	2.52812500e+03	1.31562500e+05
1257500	2.76093750e+03	49225
1257500	2.99375000e+03	1.38277500e+05
1257500	3.22656250e+03	-11250
1257500	3.45937500e+03	-237585
1257500	3.69218750e+03	-78645
1257500	3925	2600725
1257500	4.15781250e+03	3510
1257500	4.39062500e+03	1.67612500e+05
1257500	4.62343750e+03	7.77625000e+04
1257500	4.85625000e+03	1.62888250e+06
1257500	5.08906250e+03	134950
1257500	5.20546875e+03	36860
1257500	5.32187500e+03	605145
1257500	5.43828125e+03	40675
1257500	5.55468750e+03	157485
1257500	5.67109375e+03	36500
1257500	5.78750000e+03	6.28875000e+04
1257500	6.02031250e+03	3425
1257500	6.13671875e+03	-17050
1257500	6.25312500e+03	-523325
1257500	6.36953125e+03	-51850
1257500	6.48593750e+03	-246450
1257500	6.60234375e+03	-68500
1257500	6.71875000e+03	-3270675
1257500	6.83515625e+03	-64950
1257500	6.95156250e+03	-234100
1257500	7.06796875e+03	-51600
1257500	7.18437500e+03	-702850
1257500	7.30078125e+03	-36500
1257500	7.41718750e+03	-116950
1257500	7650	11680875
1257500	7.76640625e+03	-7775
1257500	7.88281250e+03	-2675
1257500	7.99921875e+03	6400
1257500	8.11562500e+03	196025
1257500	8.23203125e+03	18975
1257500	8.34843750e+03	96250
1257500	8.46484375e+03	28525
1257500	8.58125000e+03	1699250
1257500	8.69765625e+03	33550
1257500	8.81406250e+03	137350
1257500	8.93046875e+03	34550
1257500	9.04687500e+03	533925
1257500	9.16328125e+03	32725
1257500	9.27968750e+03	125925
1257500	9.51250000e+03	6964550
1257500	9.74531250e+03	105875
1257500	9.97812500e+03	399075
1257500	1.02109375e+04	95300
1257500	1.04437500e+04	1549900
1257500	1.06765625e+04	96950
1257500	1.09093750e+04	388725
1257500	1.11421875e+04	95675
1257500	11375	9184375
1257500	1.16078125e+04	73875
1257500	1.18406250e+04	209850
1257500	1.20734375e+04	28325
1257500	1.23062500e+04	-67125
1257500	1.25390625e+04	-34325
1257500	1.27718750e+04	-261775
1257500	1.30046875e+04	-95050
1257500	1.31210938e+04	-27300
1257500	1.32375000e+04	-5900025
1257500	1.33539062e+04	-32200
1257500	1.34703125e+04	-136400
1257500	1.35867188e+04	-35650
1257500	1.37031250e+04	-578825
1257500	1.38195312e+04	-37075
1257500	1.39359375e+04	-149375
1257500	1.40523438e+04	-36850
1257500	1.41687500e+04	-2269500
1257500	1.42851562e+04	-36025
1257500	1.44015625e+04	-140300
1257500	1.45179688e+04	-33775
1257500	1.46343750e+04	-522225
1257500	1.47507812e+04	-31700
1257500	1.48671875e+04	-119975
1257500	15100	4722550
1257500	1.53328125e+04	-98000
1257500	1.55656250e+04	-349225
1257500	1.57984375e+04	-76975
1257500	1.60312500e+04	-1085550
1257500	1.62640625e+04	-57275
1257500	1.64968750e+04	-196925
1257500	1.67296875e+04	-40450
1257500	1.69625000e+04	-2141575
1257500	1.71953125e+04	-24425
1257500	1.74281250e+04	-65275
1257500	1.76609375e+04	-9150
1257500	1.78937500e+04	-16725
1257500	1.81265625e+04	7250
1257500	1.83593750e+04	53750
1257500	1.85921875e+04	20500
1257500	18825	4843475
1257500	1.90578125e+04	32000
1257500	1.92906250e+04	150000
1257500	1.95234375e+04	42500
1257500	1.97562500e+04	743500
1257500	1.99890625e+04	51250
1257500	2.02218750e+04	218000
1257500	2.04546875e+04	58250
1257500	2.06875000e+04	3868500
1257500	2.09203125e+04	64000
1257500	2.11531250e+04	269250
1257500	2.13859375e+04	69750
1257500	2.16187500e+04	1169500
1257500	2.18515625e+04	76250
1257500	2.20843750e+04	315250
1257500	2.23171875e+04	81000
1257500	22550	51907975
1257500	2.27828125e+04	86500
1257500	2.30156250e+04	356000
1257500	2.32484375e+04	91000
1257500	2.34812500e+04	1454000
1257500	2.37140625e+04	91500
1257500	2.39468750e+04	365000
1257500	2.41796875e+04	90500
1257500	2.44125000e+04	5292000
1257500	2.46453125e+04	84000
1257500	2.48781250e+04	319250
1257500	2.51109375e+04	74250
1257500	2.53437500e+04	1071500
1257500	2.55765625e+04	60750
1257500	2.58093750e+04	210250
1257500	2.60421875e+04	44000
1257500	26275	7471500
1257500	2.65078125e+04	26000
1257500	2.67406250e+04	65250
1257500	2.69734375e+04	6750
1257500	2.72062500e+04	-32000
1257500	2.74390625e+04	-12250
1257500	2.76718750e+04	-81250
1257500	2.79046875e+04	-29000
1257500	2.81375000e+04	-2129500
1257500	2.83703125e+04	-43000
1257500	2.86031250e+04	-198750
1257500	2.88359375e+04	-54250
1257500	2.90687500e+04	-959500
1257500	2.93015625e+04	-64250
1257500	2.95343750e+04	-273750
1257500	2.97671875e+04	-71500
1257500	30000	-85511000
1.41343750e+06	200	0
1.41343750e+06	7650	9400
1.41343750e+06	11375	47575
1.41343750e+06	15100	-50450
1.41343750e+06	18825	-77900
1.41343750e+06	22550	29100
1.41343750e+06	26275	40500
1.41343750e+06	30000	-72500
1569375	200	0
1569375	3925	45180
1569375	5.78750000e+03	4.45725000e+04
1569375	7650	27250
1569375	9.51250000e+03	39925
1569375	11375	151675
1569375	1.32375000e+04	36500
1569375	15100	-164250
1569375	1.69625000e+04	-66250
1569375	18825	-260000
1569375	22550	62750
1569375	2.44125000e+04	35250
1569375	26275	131250
1569375	2.81375000e+04	34500
1569375	30000	-219500
1.72531250e+06	200	0
1.72531250e+06	15100	-32800
1.72531250e+06	18825	-53100
1.72531250e+06	22550	5650
1.72531250e+06	30000	-41000
1881250	200	0
1881250	3925	126850
1881250	5.78750000e+03	1.24587500e+05
1881250	6.71875000e+03	37650
1881250	7650	64400
1881250	8.11562500e+03	-42225
1881250	8.58125000e+03	-84975
1881250	9.51250000e+03	91750
1881250	1.04437500e+04	43825
1881250	11375	416175
1881250	1.32375000e+04	101175
1881250	15100	-459850
1881250	1.69625000e+04	-158050
1881250	1.78937500e+04	-66325
1881250	18825	-747950
1881250	1.97562500e+04	-50000
1881250	2.06875000e+04	-75250
1881250	22550	36800
1881250	2.44125000e+04	104750
1881250	26275	374750
1881250	2.81375000e+04	95500
1881250	30000	-566500
2.03718750e+06	200	0
2.03718750e+06	15100	-22400
2.03718750e+06	18825	-37550
2.03718750e+06	22550	-4800
2.03718750e+06	30000	-26000
2193125	200	0
2193125	7650	8350
2193125	11375	67800
2193125	15100	-77000
2193125	18825	-128750
2193125	22550	-25750
2193125	26275	64500
2193125	30000	-85000
2505000	200	0
2505000	1.13125000e+03	2.58350000e+03
2505000	2.06250000e+03	6.00037500e+05
2505000	2.29531250e+03	1.68875000e+04
2505000	2.52812500e+03	137465
2505000	2.76093750e+03	5.17325000e+04
2505000	2.87734375e+03	1.40625000e+04
2505000	2.99375000e+03	1.92767500e+05
2505000	3.22656250e+03	-6.28250000e+03
2505000	3.45937500e+03	-2.19287500e+05
2505000	3.57578125e+03	-21135
2505000	3.69218750e+03	-75500
2505000	3925	3296950
2505000	4.15781250e+03	-3620
2505000	4.39062500e+03	1.30317500e+05
2505000	4.62343750e+03	6.90125000e+04
2505000	4.73984375e+03	2.18975000e+04
2505000	4.85625000e+03	1.61438250e+06
2505000	4.97265625e+03	30885
2505000	5.08906250e+03	1.40142500e+05
2505000	5.20546875e+03	3.88875000e+04
2505000	5.32187500e+03	643205
2505000	5.43828125e+03	4.36325000e+04
2505000	5.55468750e+03	1.70252500e+05
2505000	5.67109375e+03	39975
2505000	5.78750000e+03	7.36612500e+05
2505000	5.90390625e+03	21175
2505000	6.02031250e+03	19725
2505000	6.13671875e+03	-12750
2505000	6.25312500e+03	-452400
2505000	6.36953125e+03	-47225
2505000	6.48593750e+03	-227375
2505000	6.60234375e+03	-63800
2505000	6.71875000e+03	-3032250
2505000	6.83515625e+03	-60625
2505000	6.95156250e+03	-218925
2505000	7.06796875e+03	-48400
2505000	7.18437500e+03	-677550
2505000	7.30078125e+03	-35925
2505000	7.41718750e+03	-121875
2505000	7650	11932400
2505000	7.76640625e+03	-15700
2505000	7.88281250e+03	-43850
2505000	7.99921875e+03	-6050
2505000	8.11562500e+03	-15575
2505000	8.23203125e+03	4050
2505000	8.34843750e+03	36875
2505000	8.46484375e+03	14275
2505000	8.58125000e+03	1089525
2505000	8.69765625e+03	23550
2505000	8.81406250e+03	108625
2505000	8.93046875e+03	30425
2505000	9.04687500e+03	509400
2505000	9.16328125e+03	34350
2505000	9.27968750e+03	140325
2505000	9.39609375e+03	35425
2505000	9.51250000e+03	7188150
2505000	9.62890625e+03	34625
2505000	9.74531250e+03	134600
2505000	9.86171875e+03	32575
2505000	9.97812500e+03	503525
2505000	1.00945312e+04	30350
2505000	1.02109375e+04	117775
2505000	1.03273438e+04	28825
2505000	1.04437500e+04	1848675
2505000	1.05601562e+04	27850
2505000	1.06765625e+04	111200
2505000	1.07929688e+04	27650
2505000	1.09093750e+04	436500
2505000	1.10257812e+04	27175
2505000	1.11421875e+04	105450
2505000	1.12585938e+04	25575
2505000	11375	11375825
2505000	1.14914062e+04	22525
2505000	1.16078125e+04	81850
2505000	1.17242188e+04	18125
2505000	1.18406250e+04	239900
2505000	1.19570312e+04	12425
2505000	1.20734375e+04	35250
2505000	1.23062500e+04	48975
2505000	1.25390625e+04	-27375
2505000	1.27718750e+04	-231375
2505000	1.30046875e+04	-86850
2505000	1.31210938e+04	-25000
2505000	1.32375000e+04	-5356425
2505000	1.33539062e+04	-29950
2505000	1.34703125e+04	-126775
2505000	1.35867188e+04	-33275
2505000	1.37031250e+04	-539725
2505000	1.38195312e+04	-34650
2505000	1.39359375e+04	-139600
2505000	1.40523438e+04	-34400
2505000	1.41687500e+04	-2125100
2505000	1.42851562e+04	-33750
2505000	1.44015625e+04	-131875
2505000	1.45179688e+04	-31775
2505000	1.46343750e+04	-490425
2505000	1.47507812e+04	-30000
2505000	1.48671875e+04	-113000
2505000	1.49835938e+04	-27000
2505000	15100	2239400
2505000	1.52164062e+04	-24650
2505000	1.53328125e+04	-92800
2505000	1.55656250e+04	-335250
2505000	1.57984375e+04	-74950
2505000	1.60312500e+04	-1088325
2505000	1.62640625e+04	-59475
2505000	1.64968750e+04	-214225
2505000	1.67296875e+04	-47050
2505000	1.69625000e+04	-2736450
2505000	1.71953125e+04	-35925
2505000	1.74281250e+04	-121875
2505000	1.76609375e+04	-25000
2505000	1.78937500e+04	-312425
2505000	1.81265625e+04	-13550
2505000	1.83593750e+04	-33650
2505000	1.85921875e+04	-2950
2505000	18825	770050
2505000	1.90578125e+04	8750
2505000	1.92906250e+04	57000
2505000	1.95234375e+04	20250
2505000	1.97562500e+04	417000
2505000	1.99890625e+04	31500
2505000	2.02218750e+04	151500
2505000	2.04546875e+04	43500
2505000	2.06875000e+04	3112750
2505000	2.09203125e+04	54500
2505000	2.11531250e+04	240000
2505000	2.13859375e+04	65000
2505000	2.16187500e+04	1128750
2505000	2.18515625e+04	76000
2505000	2.20843750e+04	322750
2505000	2.23171875e+04	85250
2505000	22550	50498550
2505000	2.27828125e+04	92750
2505000	2.28992188e+04	24000
2505000	2.30156250e+04	383750
2505000	2.31320312e+04	24000
2505000	2.32484375e+04	98000
2505000	2.33648438e+04	25500
2505000	2.34812500e+04	1584500
2505000	2.35976562e+04	25000
2505000	2.37140625e+04	101000
2505000	2.38304688e+04	25000
2505000	2.39468750e+04	400750
2505000	2.40632812e+04	25250
2505000	2.41796875e+04	99250
2505000	2.42960938e+04	24500
2505000	2.44125000e+04	5850250
2505000	2.45289062e+04	24250
2505000	2.46453125e+04	93250
2505000	2.47617188e+04	23000
2505000	2.48781250e+04	355000
2505000	2.49945312e+04	22000
2505000	2.51109375e+04	83750
2505000	2.52273438e+04	20250
2505000	2.53437500e+04	1210250
2505000	2.55765625e+04	68750
2505000	2.58093750e+04	244250
2505000	2.60421875e+04	53000
2505000	26275	9601500
2505000	2.65078125e+04	33750
2505000	2.67406250e+04	98000
2505000	2.69734375e+04	14750
2505000	2.72062500e+04	92750
2505000	2.74390625e+04	-4250
2505000	2.76718750e+04	-50250
2505000	2.79046875e+04	-21000
2505000	2.81375000e+04	-1605750
2505000	2.83703125e+04	-34750
2505000	2.86031250e+04	-166500
2505000	2.88359375e+04	-46250
2505000	2.90687500e+04	-820000
2505000	2.93015625e+04	-56250
2505000	2.95343750e+04	-237500
2505000	2.97671875e+04	-63250
2505000	30000	-88263000
2816875	200	0
2816875	7650	3200
2816875	11375	36850
2816875	15100	-42450
2816875	18825	-71400
2816875	22550	-40150
2816875	26275	37250
2816875	30000	-43500
3128750	200	0
3128750	3925	38470
3128750	5.78750000e+03	3.66775000e+04
3128750	7650	8850
3128750	8.58125000e+03	-40950
3128750	9.51250000e+03	-2600
3128750	11375	116425
3128750	15100	-134650
3128750	18825	-220800
3128750	2.06875000e+04	-60250
3128750	22550	-162050
3128750	26275	122250
3128750	30000	-135500
3440625	200	0
3440625	15100	-26100
3440625	18825	-42450
3440625	22550	-39450
3440625	30000	-26000
3752500	200	0
3752500	3925	106085
3752500	5.78750000e+03	99545
3752500	6.71875000e+03	42425
3752500	7650	18625
3752500	8.58125000e+03	-117875
3752500	9.51250000e+03	-37800
3752500	1.04437500e+04	58525
3752500	11375	313650
3752500	1.32375000e+04	81200
3752500	15100	-362750
3752500	1.69625000e+04	-34575
3752500	18825	-581125
3752500	1.97562500e+04	-56500
3752500	2.06875000e+04	-180750
3752500	22550	-589125
3752500	2.44125000e+04	72750
3752500	26275	333000
3752500	2.81375000e+04	83250
3752500	30000	-366000
4064375	200	0
4064375	15100	-16850
4064375	22550	-35075
4064375	30000	-18000
4376250	200	0
4376250	7650	1825
4376250	11375	49775
4376250	15100	-56800
4376250	18825	-87475
4376250	2.06875000e+04	-33000
4376250	22550	-128225
4376250	26275	52750
4376250	30000	-60500
5000000	200	-9.51763000e+04
5000000	1.13125000e+03	-7.66678500e+04
5000000	2.06250000e+03	-4.85131850e+05
5000000	2.29531250e+03	-5850
5000000	2.52812500e+03	-30090
5000000	2.76093750e+03	-9720
5000000	2.87734375e+03	-2835
5000000	2.99375000e+03	-224175
5000000	3.22656250e+03	-17590
5000000	3.45937500e+03	-86345
5000000	3.57578125e+03	-5955
5000000	3.69218750e+03	-25035
5000000	3925	-4.04020185e+06
5000000	4.15781250e+03	-23035
5000000	4.39062500e+03	-64100
5000000	4.62343750e+03	-7835
5000000	4.73984375e+03	-855
5000000	4.85625000e+03	-61430
5000000	4.97265625e+03	860
5000000	5.08906250e+03	4575
5000000	5.20546875e+03	1255
5000000	5.32187500e+03	8090
5000000	5.43828125e+03	215
5000000	5.55468750e+03	-3165
5000000	5.67109375e+03	-1950
5000000	5.78750000e+03	-1584880
5000000	5.90390625e+03	-4800
5000000	6.02031250e+03	-25450
5000000	6.13671875e+03	-7950
5000000	6.25312500e+03	-153850
5000000	6.36953125e+03	-11250
5000000	6.48593750e+03	-51600
5000000	6.60234375e+03	-14550
5000000	6.71875000e+03	-1011150
5000000	6.83515625e+03	-17600
5000000	6.95156250e+03	-76400
5000000	7.06796875e+03	-20500
5000000	7.18437500e+03	-343500
5000000	7.30078125e+03	-22750
5000000	7.41718750e+03	-94000
5000000	7650	-1.49449119e+07
5000000	7.76640625e+03	-24200
5000000	7.88281250e+03	-94450
5000000	7.99921875e+03	-22750
5000000	8.11562500e+03	-329900
5000000	8.23203125e+03	-19250
5000000	8.34843750e+03	-66450
5000000	8.46484375e+03	-13800
5000000	8.58125000e+03	-564650
5000000	8.69765625e+03	-6550
5000000	8.81406250e+03	-10450
5000000	8.93046875e+03	1400
5000000	9.04687500e+03	82850
5000000	9.16328125e+03	9150
5000000	9.27968750e+03	50000
5000000	9.39609375e+03	15550
5000000	9.51250000e+03	2469550
5000000	9.62890625e+03	19800
5000000	9.74531250e+03	83150
5000000	9.86171875e+03	21550
5000000	9.97812500e+03	335650
5000000	1.00945312e+04	21100
5000000	1.02109375e+04	80800
5000000	1.03273438e+04	18900
5000000	1.04437500e+04	1094600
5000000	1.05601562e+04	16550
5000000	1.06765625e+04	59800
5000000	1.07929688e+04	13350
5000000	1.09093750e+04	189950
5000000	1.10257812e+04	10250
5000000	1.11421875e+04	35550
5000000	1.12585938e+04	7400
5000000	11375	5140350
5000000	1.14914062e+04	5000
5000000	1.16078125e+04	15450
5000000	1.17242188e+04	2850
5000000	1.18406250e+04	31450
5000000	1.19570312e+04	1000
5000000	1.20734375e+04	900
5000000	1.23062500e+04	-56800
5000000	1.25390625e+04	-9150
5000000	1.27718750e+04	-51750
5000000	1.30046875e+04	-16300
5000000	1.31210938e+04	-4500
5000000	1.32375000e+04	-1095200
5000000	1.33539062e+04	-5000
5000000	1.34703125e+04	-21250
5000000	1.35867188e+04	-5550
5000000	1.37031250e+04	-94350
5000000	1.38195312e+04	-6100
5000000	1.39359375e+04	-26000
5000000	1.40523438e+04	-7000
5000000	1.41687500e+04	-444800
5000000	1.42851562e+04	-7300
5000000	1.44015625e+04	-29950
5000000	1.45179688e+04	-7750
5000000	1.46343750e+04	-128150
5000000	1.47507812e+04	-8200
5000000	1.48671875e+04	-33900
5000000	1.49835938e+04	-8700
5000000	15100	-3.86566118e+07
5000000	1.52164062e+04	-9100
5000000	1.53328125e+04	-37000
5000000	1.55656250e+04	-152600
5000000	1.57984375e+04	-39200
5000000	1.60312500e+04	-633750
5000000	1.62640625e+04	-39950
5000000	1.64968750e+04	-161650
5000000	1.67296875e+04	-40500
5000000	1.69625000e+04	-2473200
5000000	1.71953125e+04	-39450
5000000	1.74281250e+04	-154650
5000000	1.76609375e+04	-37900
5000000	1.78937500e+04	-566250
5000000	1.81265625e+04	-33900
5000000	1.83593750e+04	-127200
5000000	1.85921875e+04	-29600
5000000	18825	-5757400
5000000	1.90578125e+04	-23500
5000000	1.92906250e+04	-83000
5000000	1.95234375e+04	-17500
5000000	1.97562500e+04	-224500
5000000	1.99890625e+04	-9500
5000000	2.02218750e+04	-27500
5000000	2.04546875e+04	-3000
5000000	2.06875000e+04	-11500
5000000	2.09203125e+04	3500
5000000	2.11531250e+04	28000
5000000	2.13859375e+04	9500
5000000	2.16187500e+04	210000
5000000	2.18515625e+04	16000
5000000	2.20843750e+04	75000
5000000	2.23171875e+04	21000
5000000	22550	9463600
5000000	2.27828125e+04	25000
5000000	2.28992188e+04	6500
5000000	2.30156250e+04	106500
5000000	2.31320312e+04	6500
5000000	2.32484375e+04	27500
5000000	2.33648438e+04	7000
5000000	2.34812500e+04	456500
5000000	2.35976562e+04	7500
5000000	2.37140625e+04	30000
5000000	2.38304688e+04	7500
5000000	2.39468750e+04	121000
5000000	2.40632812e+04	7000
5000000	2.41796875e+04	30000
5000000	2.42960938e+04	8000
5000000	2.44125000e+04	1871500
5000000	2.45289062e+04	7500
5000000	2.46453125e+04	30000
5000000	2.47617188e+04	7500
5000000	2.48781250e+04	118000
5000000	2.49945312e+04	7000
5000000	2.51109375e+04	29000
5000000	2.52273438e+04	7000
5000000	2.53437500e+04	453000
5000000	2.55765625e+04	28000
5000000	2.58093750e+04	107000
5000000	2.60421875e+04	25000
5000000	26275	5895000
5000000	2.65078125e+04	23500
5000000	2.67406250e+04	88500
5000000	2.69734375e+04	21000
5000000	2.72062500e+04	313500
5000000	2.74390625e+04	19000
5000000	2.76718750e+04	69000
5000000	2.79046875e+04	16000
5000000	2.81375000e+04	920500
5000000	2.83703125e+04	13000
5000000	2.86031250e+04	47000
5000000	2.88359375e+04	10000
5000000	2.90687500e+04	147000
5000000	2.93015625e+04	8000
5000000	2.95343750e+04	26000
5000000	2.97671875e+04	6000
5000000	30000	2.11614e+08
